variables_fires/bovino.asc
ncols         1032
nrows         867
xllcorner     -13000
yllcorner     3990000
cellsize      1000
NODATA_value  -9999
[rows 204 to 254 of 867, columns 192 to 287 of 1032]
302 302 302 302 302 302 0 0 0 93 93 93 93 93 93 93 93 93 93 100.5 100.5 93 93 100.5 172 172 172 172 172 236 236 236 236 236 236 236 236 236 236 236 236 236 236 285 334 334 334 334 334 334 334 171 171 8 13 13 13 13 18 33.66667 61.33333 83 75 75 75 83 83 65.66666 91 99 99 99 110 132 132 132 132 283.5 435 255 255 75 75 75 75 75 83 76 76.5 62 62 469.5 877 877 877 653.5
302 302 302 302 302 0 0 0 0 93 93 93 93 93 93 93 93 93 93 93 93 93 93 93 172 236 236 236 236 236 236 236 236 236 236 236 236 236 236 236 236 236 285 285 334 334 334 334 334 334 334 171 171 137.3333 8 8 8 13 13 33.66667 41.5 41.5 75 75 75 75 53 53 31 31 31 31 81.5 81.5 132 132 132 283.5 435 255 75 75 75 75 75 75 75 76 68.5 62 62 469.5 877 877 653.5 653.5
0 302 302 302 302 0 0 0 0 0 93 93 93 93 93 93 93 93 93 93 93 93 93 93 0 236 236 236 236 236 236 236 236 236 236 236 236 236 236 236 236 215.5 255 334 334 334 334 334 334 334 334 334 334 137.3333 39 39 8 8 8 8 8 41.5 41.5 75 75 75 53 31 31 31 31 31 31 81.5 132 132 132 283.5 255 255 75 75 117 75 43.5 75 164 164 130 157.5 62 469.5 877 877 653.5 653.5
0 0 0 0 0 0 0 0 0 0 0 93 93 93 93 93 93 93 93 93 93 93 0 0 0 0 236 236 236 236 236 236 236 236 236 236 236 236 236 236 236 215.5 264.5 264.5 334 334 334 334 334 334 334 334 202 202 70 39 8 8 8 8 8 8 41.5 41.5 75 53 53 31 31 31 31 31 81.5 81.5 132 132 132 190 209.3333 117 117 117 117 82 82 43.5 113.3333 253 253 157.5 157.5 469.5 469.5 877 877 407.75
0 0 0 0 0 0 0 0 0 0 0 0 0 0 0 0 0 0 0 0 0 0 0 0 0 0 226 231 236 236 236 236 236 231 231 236 236 236 236 215.5 215.5 215.5 195 264.5 264.5 334 334 334 334 334 334 334 202 70 70 39 8 8 8 8 8 8 8 41.5 53 53 31 31 31 31 31 17 55.33333 67.5 67.5 52.33333 90.66666 125 117.3333 117.3333 159 159 159 85.5 12 12 132.5 253 253 157.5 157.5 62 434.6667 877 555.5 555.5
0 0 0 0 0 0 0 0 0 0 0 0 0 0 0 0 0 0 0 0 0 0 0 0 0 0 226 231 231 231 231 231 231 231 231 231 231 219 215.5 215.5 195 195 195 195 264.5 264.5 334 334 334 334 334 202 202 70 70 39 8 8 8 8 8 8 8 107 53 31 31 31 31 31 17 17 3 3 3 52.33333 70 118 118 138.5 159 159 159 85.5 85.5 132.5 132.5 253 157.5 299 336.3333 213.5 434.6667 492 555.5 234
0 0 0 0 0 0 0 0 0 0 0 0 0 0 0 0 0 0 0 0 0 0 0 0 0 0 226 226 226 226 226 226 226 226 226 226 231 219 219 215.5 195 195 195 195 195 264.5 334 334 334 334 334 202 202 70 70 39 8 8 123 123 123 123 123 107 114.6667 134.5 134.5 134.5 134.5 31 90.66666 90.66666 120.5 3 3 12.5 70 70 118 138.5 90.5 90.5 159 85.5 12 132.5 132.5 338.3333 299 322 473.5 473.5 365 492 299.5 299.5
0 0 0 0 0 0 0 0 0 0 0 0 0 0 0 0 0 0 0 0 0 0 0 0 0 226 226 226 226 226 226 226 226 226 226 226 226 226 210.5 195 195 195 195 195 195 264.5 334 334 334 334 334 334 202 70 70 39 39 8 105.3333 238 238 238 238 238 238 238 238 238 134.5 134.5 134.5 238 120.5 3 3 12.5 22 70 70 99.66666 90.5 90.5 64.33334 85.5 12 96 148.3333 338.3333 582 582 582 473.5 473.5 365 365 299.5
0 0 0 0 0 0 0 0 0 0 0 0 0 0 0 0 0 0 0 0 0 0 0 0 0 226 226 226 226 226 226 226 226 226 226 226 226 226 210.5 195 195 195 195 195 195 264.5 334 334 334 334 334 202 202 70 70 70 39 39 105.3333 154 154 238 238 238 238 238 238 238 238 238 238 238 120.5 3 3 12.5 22 70 70 22 22 22 93.25 96 96 96 381 381 582 582 582 582 473.5 473.5 365 365
0 0 0 0 0 0 0 0 0 0 0 0 0 0 0 0 0 0 0 0 0 0 0 0 226 226 226 226 226 226 226 226 226 226 226 226 226 226 210.5 195 195 195 195 195 195 264.5 264.5 264.5 264.5 337.5 337.5 248.3333 70 70 70 70 70 70 70 70 154 238 238 238 238 238 238 238 238 238 238 238 120.5 120.5 3 12.5 22 22 22 22 22 101 101 180 180 180 381 582 582 582 582 582 582 473.5 365 365
0 0 0 0 0 0 0 0 0 0 0 0 0 0 0 0 0 0 0 0 0 0 0 0 0 226 226 226 226 226 226 226 226 226 226 226 226 226 210.5 210.5 195 195 195 195 195 195 195 195 290 290 341 205.5 205.5 205.5 70 205.5 205.5 70 70 70 154 238 238 238 238 238 238 238 238 238 238 238 238 120.5 120.5 110.25 100 100 100 22 101 101 180 180 180 381 381 582 582 582 582 582 342 349.6667 195 219
0 0 0 0 0 0 0 0 0 0 0 0 0 0 0 0 0 0 0 0 0 0 0 0 0 0 0 0 226 226 226 226 226 226 226 226 226 226 210.5 210.5 195 195 195 195 195 195 195 195 195 268 341 341 341 205.5 205.5 205.5 205.5 205.5 205.5 70 154 238 238 238 238 238 238 238 238 238 238 238 238 238 238 208 178 178 100 100 126.6667 134.6667 134.6667 113 180 381 582 582 582 342 342 342 342 110 110 146
0 0 0 0 0 0 0 0 0 0 0 0 0 0 0 0 0 0 0 0 0 0 0 0 0 0 0 0 226 226 226 226 226 226 226 226 226 226 210.5 195 195 195 195 195 195 195 195 195 195 268 341 341 341 341 341 341 341 341 205.5 196.3333 206.75 208 208 208 208 238 238 208 208 208 208 208 208 208 208 208 178 112 112 112 112 112 46 113 269.3333 269.3333 342 342 342 342 102 102 110 110 146 146
0 0 0 0 0 0 0 0 0 0 0 0 0 0 0 0 0 0 0 0 0 0 0 0 0 0 0 0 226 226 226 226 226 226 226 226 226 226 210.5 210.5 195 195 195 195 195 195 195 195 195 268 341 341 341 341 341 341 341 341 341 341 259.5 259.5 178 178 208 208 208 208 178 178 208 208 178 178 178 178 178 112 112 112 112 46 46 46 46 314 243.3333 74 74 88.66666 110 110 110 118 146 146
0 0 0 0 0 0 0 0 0 0 0 0 0 0 0 0 0 0 0 0 0 0 0 0 0 0 0 226 226 226 226 226 226 226 226 226 226 226 226 210.5 210.5 210.5 195 195 195 195 195 195 268 278 341 341 341 341 341 341 341 341 341 341 341 259.5 259.5 178 178 178 178 178 178 178 178 178 178 178 178 178 178 178 112 46 46 46 46 46 46 46 46 46 46 108 142 118 118 118 146 146
0 0 0 0 0 0 0 0 0 0 0 0 0 0 0 0 0 0 0 0 0 0 0 0 0 0 0 226 226 226 226 226 226 226 226 226 226 226 226 226 226 210.5 210.5 195 195 195 195 195 246.5 278 319.5 341 341 319.5 341 341 341 341 341 341 341 341 259.5 178 286.5 178 178 178 178 178 178 178 178 178 178 178 178 178 112 46 46 46 46 46 46 46 106 106 106 106 142 142 118 118 146 174
0 0 0 0 0 0 0 0 0 0 0 0 0 0 0 0 0 0 0 0 0 0 0 0 0 0 0 226 226 226 226 226 288.5 288.5 288.5 288.5 226 226 226 226 226 226 354.3333 195 195 195 195 246.5 246.5 298 319.5 319.5 319.5 319.5 319.5 341 341 341 341 341 341 341 259.5 304.6667 286.5 286.5 286.5 286.5 286.5 178 178 178 178 178 178 178 178 178 112 46 46 46 46 46 46 106 106 166 106 190 262 214 118 118 146 174
0 0 0 0 0 0 0 0 0 0 0 0 0 0 0 0 0 0 0 0 0 0 0 0 0 0 0 308.5 226 226 226 288.5 288.5 351 351 288.5 226 226 226 226 434 434 354.3333 418.5 195 195 195 246.5 298 298 298 298 298 298 319.5 319.5 341 341 341 341 341 341 368 368 395 395 395 395 286.5 286.5 178 178 178 178 178 178 178 178 112 46 46 46 46 106 106 106 166 166 166 262 358 238 238 146 146 266
0 0 0 0 0 0 0 0 0 0 0 0 0 0 0 0 0 0 0 0 0 0 0 0 0 0 391 308.5 308.5 308.5 308.5 322.6667 351 351 351 288.5 434 434 434 434 434 642 642 418.5 418.5 418.5 378.3333 246.5 298 298 298 298 298 298 319.5 319.5 341 341 341 341 341 341 368 395 395 395 395 395 395 286.5 178 178 178 178 178 178 178 178 112 46 46 46 106 106 166 166 166 166 166 262 358 358 238 216.6667 266 266
0 0 0 0 0 0 0 0 0 0 0 0 0 0 0 0 0 0 0 0 0 0 0 0 0 0 391 391 391 391 391 371 351 351 351 406.3333 434 434 434 642 642 642 642 642 642 642 378.3333 298 298 298 298 298 298 298 319.5 341 341 341 341 341 341 341 368 368 395 395 395 395 395 286.5 286.5 178 178 178 178 178 178 178 130 106 106 106 106 166 166 166 166 166 166 262 358 358 358 358 358 358
0 0 0 0 0 0 0 0 0 0 0 0 0 0 0 0 0 0 0 0 0 0 0 0 0 0 391 391 391 391 391 371 351 351 351 496.5 642 642 642 642 642 642 642 642 642 642 470 470 298 298 298 298 298 319.5 319.5 341 341 341 341 341 341 341 341 368 395 395 395 395 395 395 286.5 286.5 286.5 286.5 178 178 178 165 165 158.5 166 166 166 166 166 166 166 166 262 262 358 358 358 358 358 358
0 0 0 0 0 0 0 0 0 0 0 0 0 0 0 0 0 0 0 0 0 0 0 0 0 0 391 391 391 391 371 371 351 351 351 496.5 496.5 642 642 642 642 642 642 642 642 642 758.6667 758.6667 817 298 298 298 298 298 319.5 436.3333 436.3333 505.5 505.5 505.5 341 341 368 368 395 395 395 395 395 395 395 395 395 286.5 286.5 178 164.5 164.5 151 158.5 158.5 158.5 166 166 166 166 166 166 262 358 358 358 358 358 358 358
0 0 0 0 0 0 0 0 0 0 0 0 0 0 0 0 0 0 0 0 0 0 0 0 0 391 391 391 391 391 371 351 351 351 351 351 496.5 436.6667 479.5 479.5 642 642 642 642 642 989 989 1336 817 817 817 298 298 298 298 484 484 670 670 505.5 505.5 341 368 395 395 395 395 395 395 395 395 395 395 395 286.5 241.3333 241.3333 151 151 151 151 158.5 158.5 166 166 166 166 237 237 358 480 480 480 480 480 480
0 0 0 0 0 0 0 0 0 0 0 0 0 0 0 0 0 0 0 0 0 0 0 0 0 391 391 391 391 391 371 371 351 351 351 334 351 334 317 479.5 479.5 479.5 642 642 989 989 1336 1336 1336 1336 817 817 817 817 817 768 670 670 670 670 505.5 505.5 468.6667 395 395 395 395 395 361.5 361.5 361.5 395 395 395 395 395 291.3333 151 151 151 151 151 158.5 166 166 166 176.5 176.5 382.3333 480 480 602 602 602 602 602
0 0 0 0 0 0 0 0 0 0 0 0 0 0 0 0 0 0 0 0 0 0 0 0 391 391 391 391 391 391 391 371 353 334 334 334 334 334 317 317 317 479.5 642 642 989 1336 1336 1336 1336 1336 1336 1336 1336 1336 1336 1003 670 670 670 670 670 670 468.6667 395 395 395 395 395 361.5 361.5 361.5 361.5 361.5 361.5 361.5 361.5 291.3333 239.5 239.5 151 151 151 158.5 166 166 166 176.5 394.5 394.5 394.5 602 602 602 602 602 602
0 0 0 0 0 0 0 0 0 0 0 0 0 0 0 0 0 0 0 0 0 0 0 0 391 391 391 391 391 391 391 391 354 317 317 317 317 317 317 317 479.5 479.5 642 642 989 1336 1336 1336 1336 1336 1336 1336 1336 1336 1003 1003 670 670 670 670 670 670 532.5 532.5 395 395 395 395 361.5 361.5 328 328 328 328 328 328 328 328 239.5 239.5 239.5 151 158.5 166 166 166 176.5 187 187 394.5 394.5 602 602 602 602 602
0 0 0 0 0 0 0 0 0 0 0 0 0 0 0 0 0 0 0 0 0 0 0 0 0 391 391 391 391 391 391 391 354 317 317 317 317 317 317 390 479.5 642 642 642 989 1336 1336 1336 1336 1336 1336 1336 1003 1003 1003 670 670 670 670 670 670 670 670 532.5 395 395 395 395 361.5 328 328 328 328 328 328 328 328 328 328 328 167 113 113 94 166 176.5 176.5 187 187 187 394.5 602 602 602 602 602
0 0 0 0 0 0 0 0 0 0 0 0 0 0 0 0 0 0 0 0 0 0 0 0 0 391 391 391 391 391 391 354 354 317 317 317 317 390 390 390 474 552.5 813.6667 989 989 1336 1336 1336 1336 1336 1336 1003 1003 670 670 670 670 670 670 670 670 670 375 381.6667 197 255.5 395 255.5 279.6667 222 222 328 328 328 328 328 328 328 328 328 175 22 22 94 94 94 125 125 104.5 187 394.5 394.5 394.5 602 602 602
0 0 0 0 0 0 0 0 0 0 0 0 0 0 0 0 0 0 0 0 0 0 0 0 0 391 391 391 391 391 391 354 354 317 317 317 317 390 463 463 463 463 899.5 1336 1336 1336 1336 1336 1336 1336 1336 1003 1003 670 670 670 670 670 670 670 670 375 375 80 98 197 255.5 255.5 116 116 222 222 328 328 328 328 328 328 328 175 175 22 22 22 22 22 22 104.5 104.5 187 187 187 394.5 394.5 394.5 602
0 0 0 0 0 0 0 0 0 0 0 0 0 0 0 0 0 0 0 0 0 0 0 0 0 391 391 391 391 391 354 354 354 317 317 317 390 390 463 463 463 463 899.5 899.5 899.5 1336 1336 1336 1336 1336 1336 1336 1003 1003 670 670 670 670 670 670 670 375 80 80 80 98 116 116 116 116 222 328 328 328 328 328 328 223 156 156 70 22 22 22 22 22 22 104.5 104.5 187 187 187 187 187 354.6667 438.5
0 0 0 0 0 0 0 0 0 0 0 0 0 0 0 0 0 0 0 0 0 0 0 0 0 391 391 391 391 354 354 317 317 317 317 390 390 463 463 463 463 463 463 463 899.5 899.5 1080.5 1080.5 1080.5 1080.5 1080.5 1336 1336 1003 1003 473 473 473 670 670 670 375 80 80 138.5 131 156.5 116 116 116 222 328 328 328 328 223 223 223 118 70 70 70 70 70 22 22 22 22 104.5 187 187 187 187 231 231 275
0 0 0 0 0 0 0 0 0 0 0 0 0 0 0 0 0 0 0 0 0 0 0 0 0 391 391 391 391 354 354 317 317 317 390 390 463 463 463 463 463 463 463 463 463 899.5 874.6667 825 825 825 1080.5 1080.5 1080.5 1336 760.6667 473 276 473 473 473 375 375 80 80 138.5 197 156.5 156.5 116 116 222 328 328 328 328 223 118 118 118 118 118 118 118 70 70 109 104.5 104.5 104.5 187 187 187 187 231 275 275
0 0 0 0 0 0 0 0 0 0 0 0 0 0 0 0 0 0 0 0 0 0 0 0 0 391 391 391 391 391 354 354 354 354 390 463 463 463 463 463 463 463 463 463 463 463 644 825 825 825 825 825 1080.5 812.3333 806 276 276 276 276 473 342 80 80 138.5 138.5 197 197 156.5 156.5 156.5 258 359.5 359.5 328 223 223 118 118 118 118 118 118 118 152.5 152.5 152.5 187 104.5 187 187 187 187 187 250 281.5 275
0 0 0 0 0 0 0 0 0 0 0 0 0 0 0 0 0 0 0 0 0 0 0 0 0 0 0 391 391 391 391 391 391 391 0 0 463 463 463 463 463 463 463 463 463 463 644 825 825 825 825 825 825 550.5 276 276 276 276 276 276 184.3333 184.3333 138.5 138.5 197 197 197 197 197 197 294 391 359.5 279 279 118 118 118 118 118 118 118 95.5 126 187 187 187 187 187 187 187 237.5 237.5 237.5 281.5 281.5
0 0 0 0 0 0 0 0 0 0 0 0 0 0 0 0 0 0 0 0 0 0 0 0 0 0 0 0 391 391 391 391 391 391 0 0 0 0 0 0 0 0 0 463 463 463 644 825 825 825 825 825 825 550.5 550.5 550.5 276 276 276 276 236.5 236.5 197 197 197 197 197 197 197 294 294 391 391 391 254.5 254.5 118 118 118 118 118 118 95.5 130 130 130 130 130 130 130 187 237.5 288 288 288 281.5
0 0 0 0 0 0 0 0 0 0 0 0 0 0 0 0 0 0 0 0 0 0 0 0 0 0 0 0 0 391 391 0 0 0 0 0 0 0 0 0 0 0 0 0 0 463 644 825 825 825 825 825 825 825 825 550.5 550.5 276 276 276 276 236.5 236.5 197 197 197 197 197 197 294 391 391 391 391 391 254.5 171 61 118 118 118 118 95.5 73 73 73 73 73 73 130 237.5 237.5 288 288 288 281.5
0 0 0 0 0 0 0 0 0 0 0 0 0 0 0 0 0 0 0 0 0 0 0 0 0 0 0 0 0 0 0 0 0 0 0 0 0 0 0 0 0 0 0 0 0 0 0 825 825 825 825 825 825 825 825 825 550.5 550.5 550.5 276 550.5 550.5 236.5 197 197 197 197 197 294 294 391 391 391 391 391 391 197.5 61 61 61 118 118 95.5 73 73 73 73 73 73 130 182.6667 182.6667 288 288 477.5 477.5
0 0 0 0 0 0 0 0 0 0 0 0 0 0 0 0 0 0 0 0 0 0 0 0 0 0 0 0 0 0 0 0 0 0 0 0 0 0 0 0 0 0 0 0 0 0 0 0 825 825 825 825 825 825 825 825 825 825 550.5 550.5 550.5 550.5 432.6667 511 511 197 236.6667 294 294 391 391 391 391 391 197.5 197.5 197.5 4 4 62.5 82 95.5 95.5 95.5 73 73 73 73 73 73 73 280 288 288 383.5 478
0 0 0 0 0 0 0 0 0 0 0 0 0 0 0 0 0 0 0 0 0 0 0 0 0 0 0 0 0 0 0 0 0 0 0 0 0 0 0 0 0 0 0 0 0 0 0 0 0 825 825 825 825 825 825 825 825 825 825 825 825 825 550.5 825 511 381.3333 236.6667 256.5 391 391 391 391 391 197.5 197.5 4 4 4 29.5 29.5 64 82 82 95.5 73 73 73 73 73 73 276 280 383.5 383.5 383.5 573
0 0 0 0 0 0 0 0 0 0 0 0 0 0 0 0 0 0 0 0 0 0 0 0 0 0 0 0 0 0 0 0 0 0 0 0 0 0 0 0 0 0 0 0 0 0 0 0 0 0 825 825 825 825 825 825 825 825 825 825 825 825 825 825 825 473.5 122 256.5 256.5 256.5 391 391 391 197.5 4 4 4 29.5 29.5 55 55 55 64 197 268 73 73 73 73 73 276 276 479 479 479 479
0 0 0 0 0 0 0 0 0 0 0 0 0 0 0 0 0 0 0 0 0 0 0 0 0 0 0 0 0 0 0 0 0 0 0 0 0 0 0 0 0 0 0 0 0 0 0 0 0 0 825 825 825 825 825 825 825 825 825 825 825 463.5 825 825 825 473.5 473.5 122 122 256.5 256.5 391 391 197.5 4 4 4 29.5 55 55 55 55 259 259 268 268 73 73 73 73 276 479 479 479 479 479
0 0 0 0 0 0 0 0 0 0 0 0 0 0 0 0 0 0 0 0 0 0 0 0 0 0 0 0 0 0 0 0 0 0 0 0 0 0 0 0 0 0 0 0 0 0 0 0 0 0 0 825 825 825 825 825 825 825 463.5 463.5 463.5 463.5 463.5 825 825 473.5 473.5 122 122 122 256.5 256.5 256.5 197.5 197.5 4 4 29.5 55 55 55 259 259 463 463 268 268 73 73 59 199 479 479 479 479 479
0 0 0 0 0 0 0 0 0 0 0 0 0 0 0 0 0 0 0 0 0 0 0 0 0 0 0 0 0 0 0 0 0 0 0 0 0 0 0 0 0 0 0 0 0 0 0 0 0 0 0 0 825 825 825 825 825 825 463.5 102 102 102 463.5 463.5 825 346.6667 107.5 107.5 122 122 122 256.5 256.5 391 170 59.5 4 58 85 55 55 259 463 463 463 463 204.3333 75 65 59 262 262 479 479 479 573
0 0 0 0 0 0 0 0 0 0 0 0 0 0 0 0 0 0 0 0 0 0 0 0 0 0 0 0 0 0 0 0 0 0 0 0 0 0 0 0 0 0 0 0 0 0 0 0 0 0 0 0 0 0 825 825 825 463.5 463.5 102 102 102 102 340 340 459 93 107.5 107.5 107.5 122 122 209.3333 253 170 59.5 59.5 59.5 85 55 55 259 259 463 463 270 270 77 61 45 45 262 262 397 573 573
0 0 0 0 0 0 0 0 0 0 0 0 0 0 0 0 0 0 0 0 0 0 0 0 0 0 0 0 0 0 0 0 0 0 0 0 0 0 0 0 0 0 0 0 0 0 0 0 0 0 0 0 0 0 825 825 474 350 112.5 102 102 102 102 102 97.5 93 93 93 93 107.5 107.5 107.5 180.25 115 115 115 115 115 85 85 55 55 259 463 463 270 77 77 61 45 45 45 45 397 394.75 415
0 0 0 0 0 0 0 0 0 0 0 0 0 0 0 0 0 0 0 0 0 0 0 0 0 0 0 0 0 0 0 0 0 0 0 0 0 0 0 0 0 0 0 0 0 0 0 0 0 0 0 0 0 0 209 385.6667 474 123 112.5 102 102 102 102 287 222.3333 282.5 93 93 93 93 93 107.5 110 115 115 115 115 115 115 85 85 55 259 463 463 270 77 77 61 61 45 45 45 374.5 304 433.5
0 0 0 0 0 0 0 0 0 0 0 0 0 0 0 0 0 0 0 0 0 0 0 0 0 0 0 0 0 0 0 0 0 0 0 0 0 0 0 0 0 0 0 0 0 0 0 0 0 0 0 0 0 209 209 166 166 123 112.5 112.5 112.5 102 287 287 472 282.5 282.5 93 93 93 93 93 104 1028 1495.5 1495.5 1495.5 1495.5 1495.5 1495.5 1015.333 259 198.3333 270 270 270 77 77 119 94.33334 45 45 45 374.5 704 433.5
0 0 0 0 0 0 0 0 0 0 0 0 0 0 0 0 0 0 0 0 0 0 0 0 0 0 0 0 0 0 0 0 0 0 0 0 0 0 0 0 0 0 0 0 0 0 0 0 0 0 0 0 209 209 209 209 166 123 123 123 112.5 232.3333 287 472 472 472 282.5 282.5 282.5 93 93 93 1484.5 1484.5 2876 2876 2876 2876 1495.5 1495.5 1465.5 867.75 270 77 77 77 77 77 119 103 100.6667 70.5 70.5 374.5 704 704
0 0 0 0 0 0 0 0 0 0 0 0 0 0 0 0 0 0 0 0 0 0 0 0 0 0 0 0 0 0 0 0 0 0 0 0 0 0 0 0 0 0 0 0 0 0 0 0 0 0 0 0 209 209 209 209 166 166 123 123 123 297.5 472 472 472 472 472 472 282.5 282.5 93 93 1484.5 1484.5 1484.5 2876 2876 2876 2876 2876 2876 1476.5 1476.5 77 77 1476.5 1476.5 77 119 161 128.5 70.5 70.5 281.6667 704 704
0 0 0 0 0 0 0 0 0 0 0 0 0 0 0 0 0 0 0 0 0 0 0 0 0 0 0 0 0 0 0 0 0 0 0 0 0 0 0 0 0 0 0 0 0 0 0 0 0 0 0 209 209 209 209 209 209 166 123 123 123 297.5 472 472 472 472 472 472 472 282.5 93 93 93 93 1484.5 1484.5 2876 2876 2876 2876 2876 2876 1476.5 1476.5 1476.5 1476.5 1476.5 119 119 161 128.5 96 96 400 704 704
0 0 0 0 0 0 0 0 0 0 0 0 0 0 0 0 0 0 0 0 0 0 0 0 0 0 0 0 0 0 0 0 0 0 0 0 0 0 0 0 0 0 0 0 0 0 0 0 0 0 0 209 209 209 209 209 166 166 123 123 123 297.5 472 472 472 472 472 472 472 282.5 93 93 93 93 93 1484.5 1484.5 2876 2876 2876 1544.5 1544.5 1476.5 2876 2876 2876 1038 119 161 1518.5 1044.333 96 96 1225.333 1790 1790
