variables_fires/bovino.asc
ncols         1032
nrows         867
xllcorner     -13000
yllcorner     3990000
cellsize      1000
NODATA_value  -9999
[rows 510 to 560 of 867, columns 192 to 287 of 1032]
20644 20644 20644 20644 20644 20644 20644 20644 20644 20644 20644 20644 20644 20644 20644 20644 20644 20644 20644 20644 20644 20644 20644 20644 20644 20644 20644 20644 20644 20644 20644 20644 20644 20644 20644 10653.5 663 663 663 1169.5 1676 1676 1676 1617 1617 1558 1558 1558 1558 1558 1558 1558 1558 1558 1558 661 472 560 560 560 560 1161 1461.5 1849 1461.5 1273.333 985.5 897 897 897 897 897 897 897 897 897 1021.5 1146 1146 1146 1146 1146 1100.5 1055 1055 1055 1055 1055 1546.5 2038 2038 2038 2038 2038 2038 2038
20644 20644 20644 20644 10372.5 10372.5 10372.5 10372.5 20644 20644 20644 20644 20644 20644 20644 20644 20644 20644 20644 20644 20644 20644 20644 20644 20644 20644 20644 20644 20644 20644 20644 20644 20644 20644 10653.5 10653.5 663 663 1169.5 1169.5 1676 1676 1676 1676 1617 1558 1558 1558 1558 1558 1558 1558 1558 1558 1558 661 351 351 560 560 560 1204.5 1204.5 1849 1849 1373 1373 1373 1373 897 1373 1373 1373 897 897 1021.5 1021.5 1146 1146 1146 972.5 1000 1000 1055 1055 1055 1055 1055 1546.5 1546.5 2038 2038 2038 2038 2038 2038
16727 20644 20644 10372.5 10372.5 10372.5 10372.5 10372.5 10372.5 10372.5 20644 20644 20644 20644 20644 20644 20644 20644 20644 20644 20644 20644 20644 20644 20644 20644 20644 20644 20644 20644 20644 20644 20644 20644 10653.5 1169.5 1169.5 1169.5 1169.5 1676 1676 1676 1676 1676 1617 1338 1169 1169 1558 1169 1558 1558 1558 1169 826.6667 850 142 351 831.6667 1176.5 1176.5 560 1204.5 1849 1849 1849 1849 1849 1373 1373 1373 1849 1373 1373 1373 1297.333 1497.5 1146 1146 972.5 972.5 799 927 927 927 1055 1055 1055 1055 1546.5 2038 2038 2038 2038 2038 1353.5
16727 16727 16727 11185 101 101 101 101 101 10372.5 10372.5 10372.5 20644 20644 20644 14043 20644 20644 20644 20644 20644 20644 20644 20644 20644 20644 20644 20644 20644 20644 20644 20644 20644 20644 7661 1169.5 1676 1676 1676 1676 1676 1676 1676 1676 1676 1338 780 1169 1169 1169 1169 1169 1169 1169 826.6667 142 142 967.5 967.5 1793 1176.5 1176.5 1400.667 1849 1849 1849 1849 1849 1849 1849 1849 1849 1849 1849 1849 1849 1497.5 1497.5 972.5 972.5 799 799 799 799 927 927 1055 1055 1055 1546.5 1546.5 2038 2038 2038 1353.5 1353.5
12810 12810 12810 6455.5 6455.5 6455.5 101 101 101 101 101 10372.5 20644 20644 20644 14043 14043 14043 14043 20644 20644 20644 20644 10438.5 10438.5 20644 20644 20644 20644 20644 20644 10481.5 10481.5 10481.5 4972 1676 1676 1676 1676 1676 1676 1676 1676 1676 1676 1228 780 780 780 780 780 1169 1169 780 905 905 967.5 967.5 1793 1793 1793 1793 1821 1849 1849 1849 1849 1849 1849 1849 1849 1849 1849 1849 1849 1849 1849 1264.667 972.5 799 799 799 799 799 799 927 1055 1055 1055 1055 1546.5 2038 2038 1353.5 1353.5 669
12810 12810 12810 12810 12810 6455.5 6455.5 6455.5 6455.5 6455.5 6455.5 10372.5 10372.5 20644 20644 14043 7442 7442 14043 14043 14043 14043 9439.667 10438.5 10438.5 10438.5 10438.5 20644 20644 20644 10481.5 10481.5 319 319 1184.333 1617 1676 1676 1676 1676 1676 1676 1676 1676 1676 1228 1228 780 780 780 780 780 780 780 1286.5 1793 1793 1793 1793 1793 1793 1793 1531.667 1821 1849 1849 1849 1849 1849 1849 1849 1849 1849 1849 1849 1849 1849 1324 799 799 799 799 799 799 799 927 1055 1055 1055 1055 1546.5 2038 1353.5 1353.5 669 849
12810 12810 12810 12810 12810 12810 12810 12810 12810 12810 6455.5 6784.333 10249.25 14043 14043 14043 7442 7442 7442 7442 7442 3837.5 3837.5 233 233 233 7065.333 9468.333 14043 9468.333 10481.5 319 319 319 938.5 1617 1676 1676 1676 1676 1676 1676 1676 1676 1676 1676 1228 780 780 780 780 780 780 780 1286.5 1793 1793 1793 1793 1793 1793 1793 1531.667 1401 1849 1849 1849 1849 1849 1849 1849 1849 1849 1849 1849 1849 1849 1324 799 799 799 799 799 799 799 927 1055 1055 1055 1055 1546.5 1254 1353.5 669 669 849
12810 12810 12810 12810 12810 12810 12810 12810 12810 12810 12810 10126 10126 7442 7442 7442 7442 7442 7442 7442 7442 3837.5 233 233 233 233 276 2664.667 3880.5 3880.5 319 319 319 319 938.5 1184.333 1617 1676 1676 1676 1676 1676 1676 1676 1676 1676 1228 1228 780 780 780 780 780 1286.5 1286.5 1793 1793 1793 1793 1793 1793 1793 1373 1401 1401 1401 1401 1401 1401 1401 1849 1849 1849 1849 1849 1849 1849 1324 799 799 799 799 799 799 799 927 1055 1055 1055 1055 1055 1254 669 669 669 849
7165.5 7165.5 7165.5 12810 12810 12810 12810 12810 12810 12810 12810 10126 10126 7442 7442 7442 7442 7442 7442 3837.5 3837.5 3837.5 233 233 233 233 233 2664.667 3880.5 319 319 319 319 319 319 938.5 1617 1676 1676 1676 1676 1676 1676 1676 1676 1676 1228 1228 780 780 780 780 780 1286.5 1286.5 1793 1793 1793 1793 1793 1793 1373 1373 953 953 953 953 953 953 1401 1401 1401 1401 1849 1849 1849 1849 1324 799 799 799 799 799 799 799 927 1055 1055 1055 862 862 862 669 669 669 669
1521 1521 7165.5 7165.5 7165.5 7165.5 7165.5 7165.5 7165.5 12810 12810 10126 7442 7442 7442 7442 7442 7442 7442 7442 7442 3837.5 233 233 233 233 233 2664.667 3880.5 3880.5 3880.5 319 319 319 938.5 938.5 1617 1617 1676 1617 1617 1676 1676 1676 1676 1676 1228 780 780 780 780 780 780 1286.5 1286.5 1793 1793 1793 1793 1793 1793 1373 953 953 953 953 953 953 953 953 953 953 1401 1401 1401 1401 1401 1200.333 1324 799 799 799 799 799 799 927 1055 862 862 862 862 669 669 669 669 669
1521 1521 1521 1521 1521 1521 1521 1521 7165.5 7165.5 7165.5 7257.667 4481.5 7442 7442 7442 7442 7442 7442 3837.5 3837.5 3837.5 233 233 233 233 3837.5 3837.5 7442 3880.5 3880.5 319 319 319 3106.333 1558 1558 1617 1617 1617 1617 1617 1617 1338 1228 1228 1228 780 780 780 780 780 780 1286.5 1793 1793 1793 1793 1793 1793 1793 1373 953 953 953 953 953 953 953 953 953 953 953 1401 1401 953 953 958.6667 918.75 436.5 436.5 436.5 799 799 799 927 841 841 734 669 669 669 669 669 669 669
1521 1521 1521 1521 1521 1521 1521 1521 1521 1521 1521 1521 4481.5 7442 7442 7442 3946.5 3946.5 7442 7442 3837.5 3837.5 3837.5 233 3837.5 3837.5 3837.5 7442 7442 3880.5 3880.5 3880.5 3880.5 3880.5 3106.333 1558 1558 1558 1558 1558 1558 1558 1558 1169 780 780 780 780 780 780 780 780 780 1286.5 1793 1793 1793 1793 1793 1194.5 1114 1373 953 953 953 953 953 953 953 953 953 953 953 953 953 953 953 513.5 74 74 74 436.5 436.5 436.5 799 799 841 734 734 669 669 669 669 669 669 669
1521 1521 1521 1521 1521 1521 1521 1521 1521 1521 1521 4481.5 4481.5 7442 7442 3946.5 3946.5 3946.5 3946.5 7442 7442 7442 3837.5 3837.5 3837.5 7442 7442 7442 7442 7442 7442 7442 7442 7442 4500 4500 1558 1558 1558 1558 1558 1558 1558 1169 780 780 780 780 780 780 780 780 1286.5 1286.5 1793 1793 1793 1194.5 1194.5 1194.5 774.5 953 953 953 953 953 953 953 953 953 953 953 953 953 953 953 953 513.5 74 74 74 74 74 436.5 436.5 799 734 734 669 669 669 669 669 669 669 669
1521 1521 1521 1521 1521 1521 1521 1521 1521 1521 1521 4481.5 7442 7442 3946.5 3946.5 451 451 3946.5 3946.5 3946.5 7442 7442 7442 7442 7442 7442 7442 7442 7442 7442 7442 7442 7442 7442 4500 4500 1558 1558 1558 1558 1558 1617 1169 1169 780 780 780 780 780 1286.5 1286.5 1286.5 1793 1793 1793 1194.5 1194.5 596 596 774.5 953 953 953 953 953 774.5 774.5 953 953 953 953 953 953 513.5 513.5 513.5 513.5 74 74 74 74 74 74 489.6667 534.5 734 669 669 669 669 669 669 669 669 669
1521 1521 1521 1521 1521 1521 1521 1521 1521 1521 4481.5 4481.5 7442 3946.5 3946.5 451 451 451 451 451 3946.5 7442 7442 7442 7442 7442 7442 7442 7442 7442 7442 7442 7442 7442 7442 7442 4500 4500 4500 4500 4500 3558.667 1617 1617 1169 1169 780 780 780 780 1286.5 1793 1793 1793 1793 865.3333 865.3333 596 596 596 774.5 953 953 953 953 774.5 774.5 774.5 774.5 953 953 513.5 513.5 513.5 513.5 74 74 74 74 74 74 74 74 74 335 534.5 632.5 669 669 669 669 669 669 669 669 669
1521 1521 1521 1521 1521 1521 1521 1521 4481.5 4481.5 4481.5 7442 7442 3946.5 451 451 451 451 451 451 3946.5 3946.5 7442 7442 7442 7442 7442 7442 7442 7442 7442 7442 7442 7442 7442 3927.5 7442 7442 7442 7442 7442 3558.667 4559 1617 1617 1169 1169 780 780 780 1286.5 1793 1793 1000 1000 865.3333 596 596 596 596 774.5 953 953 953 774.5 774.5 596 774.5 774.5 774.5 541 541 74 74 74 74 74 74 74 74 74 74 74 74 335 335 632.5 669 669 669 669 394 394 394 394 394
1521 1521 1521 1521 1521 1521 1521 4481.5 4481.5 7442 7442 7442 7442 3946.5 451 451 451 451 451 451 3946.5 7442 7442 7442 7442 7442 7442 7442 7442 7442 3723 3723 3723 3723 2619.667 3927.5 3927.5 7442 7442 7442 7442 7442 4559 1676 1617 1617 1338 780 780 780 1286.5 1793 1793 1000 207 401.5 596 596 596 596 774.5 953 953 953 774.5 596 401.5 585.3333 585.3333 774.5 596 335 74 74 74 74 74 74 74 74 74 74 74 335 335 596 632.5 632.5 669 669 394 394 119 119 119 119
7165.5 7165.5 7165.5 7165.5 1521 1521 4481.5 4481.5 7442 7442 7442 7442 7442 3946.5 451 451 451 451 451 451 3946.5 7442 7442 7442 7442 7442 7442 7442 7442 3723 3723 4 4 4 208.5 208.5 3927.5 7442 7442 7442 7442 7442 4559 4559 1676 1676 1338 780 780 780 1286.5 1793 1000 1000 401.5 401.5 596 596 596 596 774.5 953 953 774.5 585.3333 401.5 401.5 207 401.5 596 596 335 335 74 74 74 74 74 74 74 74 74 335 335 596 596 596 632.5 632.5 461.3333 461.3333 119 119 119 119 119
12810 12810 12810 7165.5 7165.5 7165.5 7257.667 7442 7442 7442 7442 7442 7442 3946.5 3946.5 451 451 451 451 451 3946.5 7442 7442 7442 7442 7442 7442 7442 7442 3723 4 4 4 4 208.5 2619.667 3927.5 7442 7442 7442 7442 7442 7442 4559 4559 4559 3299.333 4111 780 780 1286.5 1000 1000 207 401.5 596 596 596 596 596 774.5 774.5 774.5 585.3333 401.5 207 207 401.5 401.5 596 596 596 335 335 335 74 74 74 74 37 74 335 335 596 596 596 596 533.5 533.5 596 357.5 357.5 119 119 119 119
12810 12810 12810 12810 12810 10126 10126 7442 7442 4202 7442 4202 7442 7442 3946.5 3946.5 3946.5 3946.5 451 3946.5 3946.5 7442 7442 7442 7442 7442 7442 7442 7442 3723 3723 3723 4 4 208.5 3927.5 3927.5 7442 7442 7442 7442 7442 7442 7442 7442 7442 7442 4111 4111 780 926.6667 865.3333 401.5 401.5 401.5 596 596 596 596 596 774.5 774.5 401.5 401.5 207 207 401.5 401.5 596 596 596 596 596 596 335 335 223.3333 37 37 37 37 335 596 596 533.5 533.5 533.5 533.5 533.5 596 596 357.5 357.5 119 119 119
12810 12810 12810 12810 10126 10126 7442 7442 7442 4202 4202 4202 7442 7442 7442 7442 7442 3946.5 3946.5 3946.5 7442 7442 7442 7442 7442 7442 7442 7442 7442 7442 3821.5 2549 2549 102.5 208.5 413 3927.5 3927.5 3927.5 7442 7442 7442 7442 7442 7442 7442 7442 7442 4111 780 493.5 401.5 401.5 401.5 596 596 596 596 596 596 401.5 401.5 401.5 207 207 401.5 401.5 596 596 596 596 596 596 596 596 596 298 0 0 0 223.3333 335 596 596 533.5 471 471 471 533.5 596 596 596 357.5 119 119 119
12810 12810 12810 12810 10126 7442 7442 7442 7442 4202 962 4202 4202 4202 4202 7442 7442 7442 7442 7442 7442 7442 7442 7442 7442 7442 7442 7442 7442 3821.5 3821.5 201 201 102.5 206 413 413 3927.5 3927.5 3927.5 7442 7442 7442 7442 7442 7442 7442 7442 4111 2321.25 614.3333 531.5 531.5 553 401.5 401.5 401.5 596 596 401.5 401.5 207 207 401.5 401.5 401.5 596 596 596 596 596 596 596 596 596 596 298 298 298 235.5 355.6667 533.5 533.5 533.5 533.5 471 471 471 533.5 596 596 596 357.5 357.5 119 119
12810 12810 12810 12810 10126 7442 7442 7442 7442 4202 962 962 4202 962 4202 4202 7442 7442 7442 7442 7442 7442 7442 7442 7442 7442 7442 7442 7442 3821.5 3821.5 201 201 201 307 413 413 413 413 3927.5 3927.5 7442 7442 7442 7442 7442 7442 7442 4149 2835 531.5 856 856 531.5 531.5 531.5 553 553 401.5 401.5 207 401.5 401.5 401.5 596 596 596 596 596 596 596 596 596 596 596 596 596 596 298 355.6667 471 471 533.5 471 471 471 471 471 533.5 596 596 596 596 357.5 357.5 119
12810 12810 12810 12810 10126 7442 7442 7442 7442 4202 962 962 962 962 962 4202 7442 7442 7442 7442 7442 7442 7442 7442 7442 7442 7442 7442 7442 7442 3821.5 3821.5 3821.5 201 307 413 413 413 413 413 3927.5 3927.5 7442 7442 7442 7442 7442 7442 4149 856 856 856 856 856 856 856 856 531.5 553 401.5 207 401.5 596 596 596 596 596 596 596 596 596 596 596 596 596 596 596 533.5 533.5 533.5 471 471 471 471 471 471 471 471 533.5 533.5 596 596 596 596 357.5 357.5
12810 12810 12810 12810 10126 7442 7442 7442 7442 4202 962 962 962 962 962 4202 7442 7442 7442 7442 7442 7442 7442 7442 7442 7442 7442 7442 7442 7442 7442 3821.5 3821.5 2685.333 307 413 413 413 413 413 413 3927.5 7442 7442 7442 7442 7442 7442 4149 856 856 856 856 856 856 856 531.5 531.5 207 207 304.5 401.6667 499 499 499 596 596 596 596 596 596 596 596 596 596 596 596 533.5 533.5 471 471 471 471 471 471 471 471 471 471 533.5 533.5 533.5 533.5 596 596 357.5
12810 12810 12810 12810 10126 7442 7442 7442 7442 4202 962 962 962 962 962 4202 7442 7442 7442 7442 7442 7442 7442 7442 3750.5 7442 7442 7442 7442 7442 7442 7442 7442 3927.5 3927.5 413 413 413 413 413 3927.5 3927.5 7442 7442 7442 7442 7442 7442 4149 856 856 856 856 856 856 531.5 531.5 207 207 304.5 304.5 402 402 402 499 596 596 596 596 596 596 596 596 596 596 596 596 533.5 471 471 471 471 471 471 471 471 471 471 471 533.5 533.5 471 533.5 374.6667 326.5 243.3333
12810 12810 12810 12810 10126 10126 7442 7442 7442 4202 962 962 962 962 962 4202 7442 7442 7442 7442 7442 7442 7442 3750.5 3750.5 3750.5 7442 7442 7442 7442 7442 7442 7442 7442 3927.5 3927.5 3927.5 3927.5 3927.5 2638 2638 7442 7442 7442 7442 3765 3765 2795.333 2795.333 856 856 856 856 531.5 531.5 531.5 207 207 207 304.5 402 402 402 402 499 499 596 596 596 596 596 596 596 596 596 596 596 533.5 471 471 471 471 471 471 471 471 471 471 471 471 471 471 471 264 326.5 222.6667
12810 12810 12810 12810 12810 7071.333 4202 4202 4202 4202 962 962 962 962 962 4202 4202 7442 7442 3734.5 3734.5 7442 7442 3750.5 59 3750.5 7442 7442 7442 7442 7442 7442 7442 7442 7442 7442 7442 7442 3750.5 3750.5 3750.5 3750.5 7442 3765 3765 3765 88 472 856 856 856 856 856 531.5 207 207 207 207 304.5 304.5 402 402 402 402 402 499 499 596 596 596 596 596 596 596 596 596 596 533.5 471 471 471 471 471 471 471 471 471 471 471 471 471 471 264 264 57 36
12810 12810 12810 12810 12810 6886 6886 962 962 962 962 962 962 962 962 4202 2810.333 3734.5 3734.5 3734.5 3734.5 2509.333 3750.5 3750.5 59 3750.5 7442 7442 7442 7442 7442 7442 7442 7442 7442 7442 7442 3750.5 3750.5 59 59 3750.5 3765 3765 88 88 88 472 856 856 856 856 856 531.5 207 207 207 207 304.5 402 402 402 402 402 402 402 499 499 596 596 596 596 596 596 596 596 596 533.5 471 471 471 471 471 471 471 471 471 471 471 471 264 264 264 57 57 57
12810 12810 12810 12810 12810 6886 6886 962 962 962 962 962 962 962 962 4202 2810.333 3734.5 3734.5 27 27 43 59 59 3750.5 3750.5 7442 7442 7442 7442 7442 7442 7442 7442 7442 7442 3750.5 3750.5 59 59 59 3750.5 2529.667 88 88 88 472 472 856 856 856 531.5 531.5 531.5 207 531.5 488.3333 304.5 304.5 402 402 402 402 402 402 402 402 499 596 596 596 596 596 596 596 596 596 533.5 471 471 471 471 471 471 471 471 471 264 264 264 264 57 57 57 57 141
12810 12810 12810 12810 12810 12810 6886 962 962 962 962 962 962 962 962 4202 2810.333 3734.5 27 27 27 43 59 59 3750.5 7442 7442 7442 7442 7442 7442 7442 7442 7442 7442 7442 3750.5 3750.5 59 59 59 3750.5 2529.667 88 88 88 472 472 856 856 856 531.5 531.5 531.5 531.5 488.3333 629 402 402 402 402 402 402 402 402 402 402 499 596 596 596 596 596 596 596 596 596 533.5 471 471 471 471 471 471 471 471 471 264 57 57 57 57 57 57 57 141
12810 12810 12810 12810 12810 6886 6886 962 962 962 534 534 534 534 962 2810.333 3734.5 27 27 27 27 2509.333 59 59 3750.5 7442 7442 7442 7442 7442 7442 7442 7442 7442 7442 7442 7442 3750.5 3750.5 3750.5 2570.667 2570.667 2580.333 2580.333 88 88 472 472 856 856 856 856 856 856 856 629 206.5 206.5 206.5 206.5 402 402 402 402 402 251 251 366 596 596 596 596 596 596 596 596 325.5 374 471 471 471 471 471 471 471 471 471 264 57 57 57 57 57 57 57 141
12810 12810 12810 12810 12810 6886 962 962 962 962 534 106 106 534 534 494.5 27 27 27 27 27 2509.333 2509.333 3750.5 3750.5 7442 7442 7442 7442 7442 7442 7442 7442 7442 7442 7442 7442 3826.5 2570.667 2570.667 3826.5 211 211 149.5 149.5 472 472 856 856 856 856 856 856 856 856 423 206.5 11 11 206.5 402 251 251 251 251 251 100 348 596 596 596 596 596 596 596 596 325.5 263 263 263 263 471 471 471 471 471 471 264 57 57 57 57 57 57 57 141
12810 12810 12810 12810 12810 6886 962 962 962 962 534 106 106 106 534 365 27 27 27 27 3734.5 3734.5 3734.5 7442 7442 7442 7442 7442 7442 7442 7442 7442 7442 7442 7442 7442 7442 3826.5 211 211 211 211 211 211 385 385 856 856 856 856 856 433.5 433.5 433.5 433.5 433.5 11 11 11 423 452.6667 251 251 251 251 100 100 348 348 348 596 596 596 596 596 596 325.5 55 55 55 263 263 263 258 258 258 191 264 57 57 57 57 57 57 57 141
12810 12810 12810 12810 4602.333 4602.333 498.5 962 962 962 534 106 106 106 106 66.5 2525 3734.5 3734.5 3734.5 3734.5 7442 7442 7442 7442 7442 7442 7442 7442 7442 7442 7442 7442 7442 7442 7442 7442 3826.5 211 211 211 211 211 211 533.5 533.5 856 856 856 856 433.5 433.5 11 11 11 11 11 433.5 433.5 433.5 478 478 100 100 100 100 100 100 100 348 348 596 596 596 596 596 325.5 55 55 55 55 55 190.3333 258 45 45 51 57 57 57 57 57 57 57 57 57
12810 12810 12810 12810 6422.5 6422.5 498.5 498.5 962 962 534 534 534 106 106 3774 3774 7442 7442 7442 7442 7442 7442 7442 7442 7442 7442 7442 7442 7442 7442 7442 7442 7442 7442 7442 7442 3826.5 211 211 211 211 211 211 373.3333 454.5 856 856 856 856 433.5 433.5 11 11 11 11 11 433.5 856 856 856 517.3333 348 348 100 100 100 100 100 348 348 596 596 596 596 596 325.5 55 55 55 55 50 50 45 45 45 51 57 57 57 57 57 57 57 57 57
12810 12810 12810 12810 6422.5 6422.5 35 498.5 962 962 962 962 534 534 2836.667 3774 7442 7442 7442 7442 7442 7442 7442 7442 7442 7442 3741.5 3741.5 3741.5 7442 7442 7442 7442 7442 7442 7442 2552 3826.5 211 211 211 211 211 211 132 454.5 856 856 856 856 856 433.5 433.5 11 11 11 11 433.5 856 856 856 726 596 348 100 100 100 100 100 348 596 596 596 596 596 325.5 325.5 55 55 55 55 50 45 45 45 45 51 51 51 57 57 57 141 141 57 141
12810 12810 12810 12810 6422.5 35 35 498.5 962 962 962 962 962 4202 4202 7442 7442 7442 7442 7442 3758.5 3758.5 3758.5 7442 7442 7442 3741.5 41 3741.5 3741.5 7442 7442 7442 3722.5 3722.5 3722.5 3061.8 107 211 211 211 211 132 132 132 454.5 454.5 856 856 856 856 856 433.5 433.5 11 433.5 11 433.5 856 856 856 726 726 348 348 100 100 348 348 348 596 596 596 596 596 325.5 55 55 55 55 50 50 45 45 45 45 45 45 51 51 141 141 141 141 141 141
4389 4389 6473 6473 4327 85.5 35 377.6667 377.6667 549 549 2846.667 4202 4202 7442 7442 7442 3758.5 3758.5 3758.5 3758.5 75 3758.5 7442 7442 7442 3741.5 41 3741.5 3741.5 7442 7442 3722.5 3722.5 3 3 3 107 107 107 211 211 132 53 53 53 454.5 856 856 856 856 856 856 433.5 433.5 433.5 11 433.5 856 856 856 856 726 596 348 348 348 348 348 348 596 596 596 596 596 325.5 55 55 55 55 50 45 45 45 45 45 45 45 45 109 141 225 225 225 225 225
178.5 178.5 136 136 136 85.5 85.5 85.5 136 136 136 3789 7442 7442 7442 7442 7442 3758.5 3758.5 75 75 75 3758.5 3758.5 7442 7442 3741.5 41 3741.5 7442 7442 7442 3722.5 3722.5 3 3 3 3 3 107 107 211 132 53 53 53 454.5 424.6667 856 856 856 856 856 856 856 433.5 433.5 433.5 856 856 856 726 726 596 596 348 596 596 348 348 596 596 596 596 596 325.5 55 55 55 55 50 45 45 45 45 45 45 45 135 109 225 225 225 225 225 225
178.5 178.5 178.5 136 136 136 136 136 136 136 136 3789 7442 7442 7442 7442 7442 7442 3758.5 75 75 75 75 3758.5 3758.5 7442 3741.5 3741.5 3741.5 7442 7442 7442 7442 3722.5 3 3 3 3 3722.5 3722.5 2552 132 132 53 53 53 209 424.6667 610.5 856 856 856 856 856 856 856 433.5 433.5 856 856 856 726 596 596 596 596 596 596 596 596 596 596 596 596 596 325.5 55 55 55 55 50 50 45 45 45 45 45 135 135 225 225 225 225 225 225 225
6515.5 221 4389 6473 136 136 136 136 136 136 136 3789 3789 7442 7442 7442 7442 3758.5 3758.5 75 75 75 75 75 3758.5 3758.5 7442 7442 7442 7442 7442 7442 7442 3722.5 3722.5 3 3 3 3722.5 3722.5 3826.5 2568.667 53 53 53 53 209 365 610.5 610.5 856 856 856 856 856 856 856 856 856 856 856 726 596 596 596 596 596 596 596 596 596 596 596 596 596 325.5 55 55 55 55 50 50 45 45 45 45 45 135 225 225 225 225 225 225 225 225
6515.5 6515.5 6515.5 6473 6473 6473 136 136 136 136 136 136 3789 7442 7442 7442 3758.5 3758.5 75 75 75 75 75 75 75 3758.5 3758.5 7442 7442 7442 7442 7442 7442 7442 2556 2556 3 3 3 3722.5 1930.25 2572.667 53 53 53 209 209 365 365 431 464 464 464 464 856 856 856 856 856 856 856 726 596 596 596 596 596 596 596 596 596 596 596 596 596 325.5 55 55 55 55 50 45 45 45 45 45 45 135 135 225 225 225 225 225 225 225
12810 12810 12810 12810 12810 6473 6473 136 136 136 136 136 3789 7442 7442 7442 7442 3758.5 3758.5 75 75 75 75 75 75 75 3758.5 7442 7442 7442 7442 7442 7442 3832.5 3832.5 113 113 113 113 113 113 138 138 138 53 209 365 365 365 218.5 72 72 72 464 856 856 449.5 449.5 498.3333 726 726 726 596 596 596 596 596 596 596 596 596 596 596 596 596 325.5 55 55 55 55 108.3333 108.3333 135 135 135 45 45 45 135 225 225 225 225 225 225 225
12810 12810 12810 12810 12810 12810 6473 6473 6473 136 136 136 3789 7442 7442 7442 7442 7442 3758.5 3758.5 75 75 75 75 3758.5 3758.5 2523.667 3748 7442 7442 7442 7442 7442 3832.5 223 223 223 223 223 223 223 223 223 138 138 209 365 365 365 218.5 218.5 72 72 464 464 856 449.5 43 498.3333 319.5 726 726 596 596 596 596 596 596 596 596 596 596 596 596 596 325.5 55 55 55 55 55 140 225 225 135 135 45 45 135 225 225 225 225 225 225 225
12810 12810 12810 12810 12810 12810 12810 6473 6473 6473 136 3789 3789 7442 7442 7442 7442 7442 7442 3758.5 3758.5 3758.5 3758.5 3758.5 3758.5 7442 3748 3748 3748 3748 7442 7442 3832.5 3832.5 223 223 223 223 223 223 223 223 223 223 213.6667 209 365 365 365 365 218.5 72 72 464 464 856 449.5 449.5 43 319.5 596 596 596 596 596 596 596 596 596 596 596 596 596 596 325.5 325.5 55 55 55 55 140 156.3333 225 225 225 135 135 45 153 225 225 225 225 225 225 225
12810 12810 12810 12810 12810 12810 12810 12810 12810 6473 6473 6796 7442 7442 7442 7442 7442 7442 7442 7442 7442 7442 7442 7442 7442 3748 3748 54 54 3748 3748 1943 2572.667 239.6667 333 333 223 223 223 223 223 223 223 223 294 365 365 365 365 365 218.5 218.5 464 464 856 856 856 449.5 43 319.5 319.5 596 596 596 596 596 596 596 596 596 596 596 596 596 325.5 55 55 55 55 55 140 207 207 207 225 135 135 153 153 207 225 225 225 225 225 225
12810 12810 12810 12810 12810 12810 12810 12810 12810 12810 12810 6752.667 3724 7442 7442 7442 7442 7442 7442 7442 7442 7442 7442 7442 3748 3748 54 54 54 54 248.5 1998 248 239.6667 248 239.6667 333 333 333 333 333 223 223 294 294 365 365 365 365 365 365 431 464 856 856 856 856 449.5 43 43 319.5 319.5 596 596 596 596 596 596 596 596 596 596 596 596 325.5 55 55 55 55 140 156.3333 207 189 207 225 225 225 207 189 207 207 225 225 225 225 225
12810 12810 12810 12810 12810 12810 12810 12810 12810 12810 12810 6408 3724 3724 7442 7442 7442 7442 7442 7442 7442 7442 7442 7442 7442 3748 54 54 54 138.5 240 333 333 239.6667 248 248 248 248 443 443 333 333 223 294 365 365 365 365 365 365 365 431 856 856 856 856 449.5 449.5 43 43 43 319.5 319.5 596 596 596 596 596 596 596 596 596 596 596 293 275.6667 122 122 140 140 207 189 189 207 225 225 225 207 189 189 207 207 430 430 430 430
12810 12810 12810 6407.5 6407.5 6407.5 4273.667 12810 6408 6408 6408 6408 6 3724 7442 7442 7442 7442 7442 7442 7442 7442 7442 7442 3797.5 3748 54 54 103.5 143.3333 223 223 223 239.6667 333 333 239.6667 443 443 443 443 333 333 343.6667 365 365 365 365 365 365 365 610.5 856 856 856 856 449.5 43 43 43 43 43 319.5 596 596 596 596 596 596 596 596 596 596 352.5 352.5 149 189 122 156.3333 207 207 189 189 207 225 225 225 207 189 189 189 349.6667 349.6667 635 635 635
12810 6407.5 6407.5 6407.5 5 5.5 4273.667 6408 6408 6 6 6 6 3724 3724 7442 7442 7442 7442 7442 3797.5 3797.5 3797.5 3797.5 3797.5 2549.667 3748 3748 2549.667 273 273 273 138 138 138 223 333 333 443 443 443 443 443 404 365 365 365 365 365 365 365 610.5 610.5 856 856 856 449.5 449.5 43 43 43 43 319.5 596 596 596 596 596 596 596 596 596 596 352.5 109 149 189 189 189 189 189 189 189 207 207 207 207 207 189 189 189 412 412 635 635 635
