variables_fires/bovino.asc
ncols         1032
nrows         867
xllcorner     -13000
yllcorner     3990000
cellsize      1000
NODATA_value  -9999
[rows 255 to 305 of 867, columns 288 to 383 of 1032]
2876 2876 1787 1787 698 698 698 698 698 351 4 4 610.5 1217 1217 1217 1217 1217 1217 1217 1217 1217 1217 1217 1217 1217 1217 1217 1217 609.5 609.5 609.5 2 2 2 2 2 21.5 21.5 41 41 41 38.5 38.5 36 36 36 36 70 104 104 104 104 871.5 871.5 871.5 866.5 866.5 94 577.6667 47 0 819.5 819.5 1639 865 1639 936 936 716.75 825 825 1377 1377 1377 1377 1377 394 86 86 86 86 86 73 211.6667 281 281 281 281 343 343 281 281 306.6667 358 358
1554 1554 1554 1787 1787 1787 698 698 698 351 4 4 408.3333 1217 1217 1217 1217 1217 1217 1217 1217 1217 1217 1217 1217 1217 1217 1217 1217 609.5 609.5 2 2 2 2 2 2 2 21.5 21.5 41 41 38.5 36 36 36 36 36 70 70 104 871.5 871.5 871.5 1639 1639 1639 866.5 866.5 577.6667 819.5 819.5 0 819.5 819.5 1639 1639 1639 1639 956 956 825 825 1377 1377 1377 702 492.3333 50 73 73 73 73 73 208 211.6667 281 343 343 343 343 343 343 350.5 358 358
1554 1554 1554 1554 1268.667 1787 698 698 698 235.3333 4 610.5 610.5 1217 1217 1217 1217 1217 1217 1217 1217 1217 1217 1217 1217 1217 1217 1217 1217 609.5 609.5 2 2 2 2 2 2 21.5 21.5 21.5 41 41 38.5 36 36 36 36 36 70 70 871.5 871.5 1639 1639 1639 1639 1639 1639 1639 1639 1639 819.5 819.5 819.5 559 559 838.5 1639 956 956 273 273 825 825 702 702 702 702 50 50 73 73 73 73 208 208 343 343 343 343 343 343 350.5 350.5 358 358
1554 1554 232 232 1268.667 698 698 698 351 235.3333 4 610.5 1217 1217 1217 1217 1217 1217 1217 1217 1217 666.5 666.5 1217 1217 1217 1217 1217 1217 1217 609.5 2 2 2 2 2 2 21.5 21.5 41 41 41 38.5 36 36 36 36 36 70 600 871.5 1639 1639 1639 1639 1639 1639 1639 1639 1639 1639 1639 1639 1639 838.5 38 838.5 650 956 273 273 273 273 559 478.75 547.3333 702 27 27 50 50 73 190.6667 208 208 343 343 343 343 343 343 343 373.6667 389 358 358
232 232 232 232 465 311.3333 351 351 351 4 4 610.5 1217 1217 1217 1217 666.5 666.5 666.5 666.5 666.5 666.5 666.5 1217 1217 1217 1217 1217 1217 1217 609.5 609.5 2 36 36 36 36 37.66667 41 41 41 41 38.5 38.5 36 36 36 593 65.66666 600 848 1639 1639 1639 1639 1639 1639 1639 1639 1639 1639 1639 1639 838.5 838.5 38 38 650 273 273 273 273 273 255.5 255.5 132.5 132.5 27 27 27 50 85.33334 190.6667 249.5 249.5 343 343 343 343 343 343 381.5 381.5 389 389 389
232 232 232 232 232 217.6667 210.5 210.5 210.5 4 4 610.5 1217 1217 1217 1217 666.5 666.5 666.5 116 666.5 666.5 666.5 1217 1217 1217 1217 1217 1217 1217 1217 609.5 429.6667 36 70 70 70 55.5 55.5 41 41 41 44.66667 38.5 36 837.5 837.5 459 600 57 848 848 848 1639 1639 1639 1639 1639 1639 1639 1639 1639 1639 838.5 838.5 838.5 650 155.5 273 273 273 273 255.5 255.5 238 238 132.5 27 27 91.5 91.5 85.33334 156 156 249.5 249.5 343 343 343 343 381.5 381.5 420 420 420 420
186.5 133.6667 130 130 225.6667 225.6667 417 417 210.5 210.5 210.5 546 1217 1217 1217 666.5 666.5 666.5 116 666.5 666.5 1217 1217 1217 1217 1217 1217 1217 1217 643.5 1217 643.5 429.6667 70 70 70 70 55.5 55.5 41 41 41 44.66667 46.5 46.5 577.3333 1639 1639 848 848 57 57 848 1639 1639 1639 1639 1639 1639 1639 1639 1639 952 952 1639 1639 638 137.5 273 273 273 273 255.5 238 238 238 132.5 132.5 140.3333 91.5 156 156 156 156 156 249.5 249.5 249.5 343 381.5 381.5 420 420 420 420 420
141 84.5 28 28 222.5 222.5 417 417 417 417 417 817 817 1217 666.5 666.5 666.5 666.5 666.5 666.5 1217 1217 1217 1217 1217 1217 1217 1217 1217 643.5 643.5 643.5 70 70 70 70 70 419 293 404.5 404.5 404.5 288.6667 57 57 848 1639 1639 1639 848 57 57 697.3333 1017.5 1639 1639 1639 1639 1639 1639 1639 952 952 952 952 952 635.3333 137.5 137.5 273 273 137.5 171 238 238 238 238 238 197 156 156 156 156 156 156 156 156 249.5 306.3333 306.3333 420 420 420 420 420 420
141 84.5 84.5 28 222.5 417 417 417 417 417 417 417 625 729 1217 666.5 1217 1217 1217 626 626 1217 1217 1217 1217 1217 1217 1217 1217 643.5 70 70 70 70 70 70 419 419 768 768 768 768 412.5 57 57 848 1639 1639 1017.5 697.3333 226.5 226.5 226.5 756 1639 1639 1639 1639 1639 1639 1639 952 952 265 265 265 133.5 133.5 137.5 137.5 137.5 137.5 120 120 238 238 238 238 197 156 156 156 156 156 156 156 156 156 288 193.6667 212.5 420 420 420 420 420
141 102.3333 102.3333 83 222.5 222.5 417 417 417 329 329 329 329 729 1217 1217 1217 1217 626 626 626 626 1217 1217 1217 1217 1217 1217 1217 643.5 433 41 70 70 70 419 419 768 768 768 768 582 407 57 57 848 848 1639 1017.5 396 396 314.5 314.5 756 936 1196.5 1196.5 1196.5 1196.5 1196.5 886 952 952 265 265 265 265 133.5 133.5 2 137.5 137.5 2 120 238 238 238 238 197 156 156 156 156 156 156 156 156 156 80.5 80.5 212.5 212.5 420 420 420 420
187.3333 139.5 138 83 28 222.5 222.5 417 417 329 241 241 241 729 1217 1217 1217 1217 626 35 35 626 1217 1217 1217 1217 1217 1217 1217 1217 614.5 41 41 70 70 419 768 768 768 768 768 582 407 226.5 226.5 226.5 697.3333 1017.5 1017.5 396 396 314.5 233 233 875.3333 1196.5 754 754 754 754 509.5 265 265 265 265 265 265 265 133.5 2 2 2 2 120 120 238 238 238 197 183.5 183.5 183.5 183.5 183.5 156 156 156 80.5 80.5 5 5 212.5 420 420 420 215.5
210.5 138 138 94 72 28 222.5 222.5 329 329 241 333 333 729 1217 1217 1217 1217 626 35 35 626 1217 1217 1217 1217 1217 1217 1217 1217 614.5 12 41 70 419 419 768 768 768 768 768 582 396 396 396 226.5 226.5 396 396 396 396 314.5 233 233 493.5 754 754 754 754 754 509.5 509.5 265 265 265 265 265 265 133.5 133.5 2 2 2 2 166.3333 248.5 248.5 238 197 216 211 211 211 183.5 183.5 183.5 124 124 5 5 5 212.5 420 420 420 215.5
69.5 138 127 127 72 72 28 228.6667 228.6667 241 241 333 333 627.6667 1217 1217 1217 1217 626 35 626 626 1217 1217 1217 1217 1217 1217 1217 614.5 614.5 12 41 283.3333 419 768 768 768 768 768 768 582 396 396 396 396 396 396 396 396 396 314.5 233 233 493.5 754 754 754 754 754 754 509.5 509.5 265 265 265 265 265 265 216 199.6667 1 1 87 130.5 259 248.5 248.5 248.5 236 211 211 211 211 183.5 211 211 108 5 5 5 212.5 212.5 420 420 278
69.5 69.5 156.6667 116 116 72 128.3333 134.5 241 241 333 333 425 821 1217 1217 1217 626 626 626 626 1217 1217 1217 1217 1217 1217 1217 1217 614.5 614.5 614.5 390 390 768 768 768 768 768 768 768 582 281 281 396 396 396 396 396 396 396 314.5 233 233 493.5 754 754 754 754 754 754 509.5 509.5 265 265 265 265 265 431 431 298.5 0 0 129.5 259 259 259 259 259 235 235 211 211 211 211 211 211 108 108 5 5 5 212.5 420 420 201.3333
1.5 47 118 166 166 116 178.5 178.5 241 241 333 425 425 821 821 1217 1217 626 35 626 1217 1217 1217 1217 1217 1217 1217 1217 1217 1217 1217 665.6667 665.6667 768 768 768 768 768 768 768 768 443.3333 281 281 396 396 314.5 314.5 314.5 314.5 314.5 314.5 233 493.5 493.5 754 754 754 754 754 754 754 509.5 509.5 265 265 265 265 431 597 298.5 0 0 129.5 259 259 259 259 259 259 235 211 211 211 211 211 211 211 108 108 5 31 160.6667 238.5 175 234
2 118.6667 109 216 166 116 116 178.5 238 241 333 425 425 821 821 1217 1217 626 626 626 1217 1217 620 620 620 620 620 1217 1217 1217 1217 992.5 768 768 768 768 768 768 768 768 467 467 166 281 265 314.5 314.5 233 233 233 233 233 233 493.5 754 754 754 754 754 754 754 754 754 509.5 265 265 265 265 431 597 298.5 0 0 129.5 129.5 259 259 259 259 259 327.6667 327.6667 211 211 211 211 211 211 211 108 91 31 57 57 52.5 48
2 109 216 216 166 166 116 236.5 238 341 333 425 425 425 821 1217 1217 626 626 1217 1217 1217 620 23 23 23 620 1217 1217 1217 992.5 992.5 768 768 768 768 768 768 768 768 467 166 166 166 199.5 265 314.5 233 233 233 233 233 233 493.5 754 754 754 754 754 754 754 754 754 509.5 265 265 265 431 431 204 204 0 0 129.5 129.5 259 259 259 259 259 386 362 362 362 362 362 362 362 362 134 134 57 57 57 52.5 52.5
116.5 109 216 216 216 166 236.5 236.5 357 391 391 425 425 425 821 789.3333 971.5 1217 1217 1217 1217 620 620 23 23 23 620 1217 1217 620 992.5 768 768 768 768 768 768 768 768 467 467 166 166 166 166 199.5 233 233 233 233 233 233 233 493.5 493.5 754 754 754 754 754 754 754 754 509.5 265 265 431 431 597 306 7.5 7.5 7.5 7.5 91.33334 259 259 259 178.5 178.5 290 305.5 513 513 513 513 362 362 362 260.3333 285 57 57 57 52.5 52.5
116.5 150.25 184 216 216 229.6667 236.5 357 357 357 391 425 425 425 425 789.3333 789.3333 971.5 1217 1217 1217 620 23 23 23 23 620 620 620 669.3333 669.3333 768 768 768 768 768 768 768 467 467 166 166 166 166 166 199.5 199.5 233 233 233 233 233 233 233 493.5 754 754 754 754 754 754 754 754 538.6667 431 431 431 597 597 306 15 15 15 15 137 259 259 259 178.5 178.5 98 305.5 513 513 513 513 513 513 513 513 326.3333 233 233 57 128 163.5
191.5 191.5 184 184 216 310.3333 357 357 357 357 351 348 425 425 425 425 789.3333 971.5 971.5 971.5 971.5 620 23 23 86.5 86.5 23 23 86.5 313.6667 768 768 768 768 768 768 768 768 467 166 166 166 166 166 166 166 199.5 233 233 233 233 233 233 233 493.5 754 754 754 754 754 754 675.5 675.5 675.5 597 431 597 597 597 306 15 15 15 15 137 259 259 178.5 178.5 98 98 305.5 513 513 513 513 513 513 513 461 461 409 233 233 248.3333 279
191.5 152 152 242 242 310.3333 357.5 357 314 314 314 348 348 425 425 425 575.5 971.5 726 726 971.5 529 299.6667 86.5 86.5 86.5 86.5 86.5 86.5 459 459 768 768 768 768 768 768 416.6667 467 166 166 166 166 166 166 199.5 199.5 233 233 233 233 233 233 233 493.5 754 754 754 453 501 675.5 675.5 597 597 597 597 597 597 306 306 15 15 15 15 137 137 259 178.5 98 98 98 305.5 513 513 513 513 513 513 521 483.6667 409 409 409 409 344 279
152 152 152 255 358 358 357.5 328.6667 314 314 271 271 348 348 425 425 575.5 726 726 726 438 438 150 150 150 150 150 150 150 150 459 768 768 768 768 768 542 416.6667 241 166 166 166 166 166 166 166 199.5 233 233 233 233 233 233 233 379.6667 379.6667 453 453 453 374.5 675.5 597 597 597 597 597 597 597 306 15 269.5 15 15 15 15 267.6667 394 295.3333 313.5 98 98 305.5 305.5 305.5 513 513 513 513 521 469 409 409 409 409 344 279
152 152 255 255 358 358 358 328.6667 271 271 271 271 271 348 348 486 566 726 726 726 438 150 150 150 150 150 150 150 150 150 459 768 768 768 768 542 542 316 241 241 166 166 166 166 166 166 199.5 233 233 233 233 233 233 192.5 192.5 152 152 152 152 374.5 374.5 597 597 597 597 597 597 597 306 269.5 269.5 269.5 269.5 269.5 269.5 356 295.3333 295.3333 313.5 98 98 98 98 380 521 513 521 521 521 469 409 409 409 409 344 279
191.5 129.5 205.6667 358 358 358 349 323 305.5 271 271 271 271 271 414.3333 486 636.5 726 726 438 438 150 150 150 150 150 150 150 150 150 459 768 768 768 542 542 316 316 316 241 241 241 241 166 199.5 199.5 199.5 233 233 233 233 233 233 192.5 152 152 152 152 152 374.5 374.5 597 597 597 597 597 597 597 306 378.6667 524 524 524 524 526.5 526.5 529 529 313.5 98 98 98 98 313.5 380 521 521 529 529 469 409 409 409 409 344 279
163.3333 129.5 232.5 232.5 358 358 349 340 305.5 305.5 305.5 271 271 409 409 409 636.5 726 438 438 438 150 150 150 150 150 498 498 498 498 588 807 542 542 542 316 316 316 316 316 316 316 241 241 238.3333 233 233 233 233 233 233 233 192.5 192.5 152 152 152 152 152 374.5 374.5 597 597 597 597 597 597 597 597 560.5 524 524 524 524 526.5 529 529 529 313.5 313.5 313.5 98 98 313.5 313.5 529 529 529 529 469 469 409 409 344 344 279
169 107 107 232.5 358 349 349 340 340 340 305.5 305.5 305.5 409 547 547 636.5 438 438 474.3333 348.5 348.5 150 150 150 498 498 846 498 498 846 807 643.3333 316 316 316 316 316 316 316 316 316 316 316 274.5 274.5 233 233 233 233 233 233 192.5 152 152 152 152 152 152 374.5 597 597 597 597 597 597 597 597 560.5 560.5 524 524 524 524 526.5 529 529 529 529 529 313.5 313.5 313.5 313.5 529 529 529 336.5 336.5 336.5 469 409 344 344 279 279
169 107 107 284 284 361.6667 363.5 340 340 340 340 422 386 386 547 547 636.5 636.5 636.5 636.5 547 348.5 348.5 348.5 498 498 846 846 846 846 846 846 581 316 316 316 316 316 316 316 316 316 316 316 316 274.5 233 233 233 233 233 192.5 192.5 152 152 152 152 152 374.5 374.5 597 597 597 597 597 597 597 597 560.5 524 524 524 524 524 526.5 529 529 529 529 529 529 529 529 529 529 529 336.5 336.5 144 336.5 336.5 325 317.3333 279 279 279
169 107 247 247 387 387 363.5 363.5 340 340 359.5 422 463 463 463 463 463 547 547 547 547 547 547 348.5 566.25 784 846 846 846 846 846 846 581 316 316 316 316 316 316 316 316 316 316 316 316 274.5 233 233 233 233 192.5 192.5 152 152 152 152 152 152 374.5 597 597 597 597 597 597 597 597 597 560.5 560.5 524 524 524 524 526.5 529 529 529 529 529 529 529 529 529 529 529 336.5 336.5 144 144 204 204 271.5 271.5 271.5 271.5
293.3333 107 247 387 387 387 387 363.5 359.5 359.5 359.5 379 379 379 379 379 632.6667 759.5 759.5 759.5 759.5 547 547 634.5 634.5 784 784 846 846 846 846 846 581 316 316 316 316 316 316 316 316 316 316 316 316 274.5 233 219.5 219.5 219.5 197 179 152 152 152 152 152 152 374.5 597 597 597 597 597 597 597 597 597 597 560.5 376 265.5 265.5 265.5 288.25 311 311 529 529 529 529 529 529 529 529 529 336.5 336.5 144 144 204 174.6667 264 271.5 271.5 264
293.3333 316.75 247 387 387 387 387 368.6667 359.5 379 379 379 379 379 675.5 675.5 675.5 972 972 972 747 747 634.5 634.5 722 722 784 846 846 846 846 846 581 316 316 316 316 316 316 316 316 316 316 316 381 331.6667 219.5 219.5 206 206 206 179 179 152 152 152 96 96 263 318.5 597 597 597 597 597 597 597 597 597 597 302 302 7 7 50 93 311 311 311 529 529 529 529 529 529 336.5 336.5 144 144 130 130 174.6667 190 264 264 264
542 464.5 387 387 387 387 383 383 379 379 379 379 379 675.5 675.5 972 972 972 972 972 847 722 722 722 722 722 784 784 846 846 846 846 472 472 316 316 316 316 316 381 381 381 381 381 381 238 168.6667 206 206 206 206 206 179 179 179 132.6667 96 40 40 318.5 318.5 318.5 318.5 597 597 597 597 597 597 302 302 7 7 7 50 93 93 93 311 311 529 529 529 529 336.5 336.5 144 144 130 130 116 116 190 190 264 264
542 464.5 387 387 387 383 383 379 379 379 379 379 675.5 675.5 972 972 972 972 972 972 847 847 722 722 722 722 722 784 784 519 519 519 430.6667 285 285 316 316 316 316 381 446 446 446 446 446 256.5 239.6667 136.5 136.5 206 206 206 206 206 123 123 40 40 40 40 40 40 318.5 318.5 165 341.5 597 597 597 597 302 302 7 7 50 93 93 93 93 311 529 529 529 529 336.5 144 144 72 86.66666 116 116 60.5 60.5 128.3333 154.3333 229
542 1023 1263.5 1263.5 387 383 379 379 379 379 379 675.5 675.5 972 972 972 972 972 972 972 634 722 722 722 722 722 722 722 586.6667 519 192 192 223 254 285 285 285 316 316 381 446 446 446 446 446 256.5 256.5 67 136.5 206 206 206 206 108.5 85.66666 40 40 40 40 40 40 40 42.5 42.5 57 341.5 341.5 597 597 597 597 302 302 39.66667 39.66667 93 93 93 93 311 529 281 281 281 235.3333 59 72 72 58 58 60.5 60.5 5 5 99.5 194
1341 1341 2140 1263.5 968.6667 383 379 379 379 379 675.5 675.5 972 972 972 972 972 972 972 590 634 465 465 722 722 722 722 722 457 192 192 192 223 254 254 285 285 285 338.6667 338.6667 446 446 446 446 446 256.5 67 67 136.5 136.5 206 206 108.5 108.5 25.5 25.5 25.5 40 40 42.5 42.5 42.5 42.5 45 62.66667 86 341.5 341.5 597 597 597 597 302 207.6667 56 56 93 311 311 311 529 281 33 33 33 59 0 0 58 58 60.5 5 5 5 99.5 99.5
2140 2140 2140 2140 1259.5 379 379 379 379 379 675.5 972 972 972 972 972 972 972 590 590 208 465 465 722 722 722 722 722 457 192 192 192 223 254 254 254 254 254 350 350 350 446 446 446 256.5 256.5 67 67 67 136.5 94.66666 108.5 108.5 11 11 11 25.5 42.5 42.5 42.5 45 45 45 51 62.66667 71.5 86 341.5 341.5 341.5 597 597 308 308 19 56 56 93 213.6667 529 529 281 33 33 33 16.5 0 0 0 72.5 60.5 5 5 5 5 99.5
2140 2140 2140 2140 1259.5 1259.5 1259.5 379 379 539.3333 539.3333 972 972 972 972 972 972 590 590 208 208 465 722 722 722 722 722 722 457 192 192 223 223 254 254 254 254 254 254 254 350 290.6667 309 228.3333 228.3333 67 67 67 67 67 94.66666 11 11 11 11 11 45 32 45 45 45 45 51 51 71.5 71.5 86 86 86 341.5 341.5 341.5 234 19 19 19 56 56 213.6667 529 529 281 281 33 33 16.5 16.5 0 84.5 58 122.6667 99.5 99.5 99.5 99.5 99.5
2140 2140 2140 2140 2140 2140 1259.5 1259.5 323 323 619.5 619.5 972 972 972 972 590 590 208 208 208 465 465 465 722 722 722 722 457 192 223 223 254 254 254 254 254 254 254 254 213 213 172 172 119.5 119.5 67 67 67 67 39 39 11 11 11 47.5 46.66667 64.5 45 45 51 51 51 57 57 71.5 71.5 71.5 86 86 86 86 52.5 19 19 19 19 274 274 529 529 529 281 22 22 22 53.25 84.5 84.5 169 181.5 181.5 194 194 194 194
2140 2140 2140 2140 2140 2140 2140 928.6667 928.6667 267 267 619.5 619.5 619.5 590 590 590 208 208 208 208 208 208 465 329 389.5 722 389.5 323.6667 223 223 254 254 254 254 254 254 254 254 213 213 172 172 172 172 119.5 119.5 119.5 67 67 67 39 11 11 47.5 47.5 84 64.5 45 45 45 57 57 57 57 57 71.5 71.5 86 86 86 86 91 93.5 93.5 19 274 274 529 529 529 529 191 22 11 11 90 169 169 169 181.5 181.5 194 194 194 194
2140 2140 2140 2140 2140 2140 2140 928 267 267 267 267 267 619.5 482.3333 208 208 208 208 208 208 208 208 132.5 132.5 389.5 389.5 389.5 167.6667 223 254 254 254 179 179 179 179 179 213 213 172 172 172 172 172 172 172 119.5 67 67 67 39 11 47.5 47.5 84 84 64.5 54 39 45 45 57 57 57 57 71.5 86 86 86 86 127 127 168 93.5 93.5 238.6667 529 529 529 348.5 236 270 11 11 11 90 90 169 169 181.5 181.5 194 194 194 194
2140 2140 2140 2140 2140 2140 2140 928 322 267 267 267 267 267 237.5 208 208 208 144 144 144 144 144 115 57 57 57 57 155.5 155.5 254 162.5 143 179 104 104 104 179 176.6667 172 172 172 172 172 172 172 172 119.5 119.5 67 67 39 47.5 47.5 84 84 84 58.5 54 33 33 45 45 127.6667 57 57 71.5 86 159 159 159 162 168 168 168 168 348.5 348.5 529 348.5 348.5 89.5 11 11 11 6 60.33333 85 169 188.5 190.3333 194 194 194 194 194
2140 2140 2140 2140 2140 2140 2140 1258.5 928 322 267 267 267 267 237.5 237.5 237.5 144 144 80 80 80 80 68.5 57 57 57 57 57 127.3333 162.5 162.5 143 143 104 104 104 104 138 172 172 172 172 172 172 172 172 172 119.5 67 67 39 54 84 84 84 84 58.5 33 33 33 33 163 127.6667 175 175 145.3333 159 159 232 200 200 168 168 168 168 168 348.5 348.5 348.5 168 89.5 60 6 6 6 1 85 126 188.5 201 201 194 194 201 201
2140 2140 2140 2140 2140 2140 2140 1258.5 1258.5 322 267 267 267 267 267 267 237.5 144 80 80 80 80 80 68.5 57 57 57 57 57 64 71 71 87.5 87.5 104 104 104 104 138 138 172 172 172 172 172 172 172 172 119.5 67 67 54 75.5 84 84 84 58.5 58.5 33 33 33 163 163 293 293 293 203.6667 159 232 142 150.6667 150.6667 168 168 168 92 92 92 92 168 168 168 75.75 62 62 62 1 1 126 208 208 201 201 201 201 201
2140 2140 2140 2140 2140 2140 1258.5 1258.5 377 322 322 322 267 267 267 267 237.5 185 80 80 80 80 80 68.5 68.5 57 57 57 64 64 71 71 87.5 104 104 104 104 104 163.3333 163.3333 193 193 193 193 172 172 172 119.5 119.5 67 67 75.5 84 84 84 84 39.66667 33 33 163 163 163 293 293 262.5 262.5 203.6667 142 142 142 52 110 110 92 92 92 16 16 92 168 168 145.5 97.33334 123 123 62 62 62 110.6667 208 208 201 201 208 208 201
2140 2140 2140 2140 1070.5 1070.5 839.3333 377 377 322 322 322 267 267 267 267 237.5 185 80 80 80 80 80 59.33333 57 57 57 64 64 71 71 71 129.6667 159 159 159 104 159 159 214 214 214 214 193 193 172 172 119.5 67 67 67 75.5 75.5 84 84 93 78 17.5 109.3333 163 293 293 262.5 262.5 262.5 232 142 142 52 52 52 52 78.66666 92 92 16 16 16 92 92 145.5 145.5 123 123 123 123 123 62 110.6667 208 208 208 208 208 208 208
2140 2140 1091 1091 727.6667 1 189 377 377 377 322 322 267 267 267 247.5 247.5 191.6667 154 80 80 60.5 60.5 59.33333 49 57 95.5 87.33334 71 71 71 71 142.5 214 159 159 159 159 214 214 214 214 214 214 193 193 172 119.5 144 130 130 67 75.5 138.5 138.5 93 97.5 97.5 147.5 147.5 147.5 262.5 262.5 232 232 232 142 142 52 52 52 34 34 16 16 16 16 16 158 161.3333 151.75 123 123 123 123 123 123 123 165.5 130.3333 134 208 208 208 208 208
1162.5 2140 1091 21.5 21.5 1 140 377 377 377 218 234.3333 180 198.3333 203 203 228 228 154 116.3333 60.5 60.5 60.5 41 77.33334 77.33334 95.5 102.5 102.5 71 71 71 225 302 214 302 302 214 214 214 214 214 214 214 214 193 193 182.5 182.5 193 130 130 114.6667 114.6667 193 193 193 97.5 2 2 98.33334 175 232 232 232 232 110 49 49 49 49 38 31 16 158 158 158 158 158 158 146.3333 123 123 123 123 123 123 91.5 91.5 91.5 134 208 208 208 208 208
1162.5 2140 1091 727.6667 21.5 21.5 140 377 377 218 218 59 136.5 164 171 228 228 228 228 116.3333 41 41 41 41 41 87.5 134 134 102.5 102.5 71 102.5 198.3333 246 302 302 302 302 214 214 214 214 214 214 214 214 193 193 193 193 193 193 193 193 193 193 193 97.5 2 97.5 65 78 116 116 232 142 110 49 46 46 46 46 120.6667 158 158 300 300 300 300 300 141 141 61.5 123 123 123 91.5 91.5 60 60 106.6667 130 208 208 208 419
792.3333 1162.5 1162.5 789 42 42 140 140 189 218 218 136.5 136.5 164 171 228 228 228 228 134.5 41 41 41 41 41 111.6667 134 134 134 102.5 102.5 102.5 134 262 390 390 390 302 302 214 214 214 214 214 214 214 203.5 193 193 193 193 193 193 193 193 193 193 97.5 97.5 97.5 96.5 0 0 116 71.5 142 52 49 49 46 46 46 120.6667 300 300 300 300 300 300 300 150 0 61.5 61.5 61.5 58.33333 78.33334 56 56 56 56 130 164.3333 419 419 419
185 185 185 113.5 42 42 21.5 21.5 145.6667 218 59 136.5 164 164 171 171 228 228 228 134.5 134.5 41 41 100.5 100.5 111.6667 147 134 134 134 134 134 134 262 390 390 390 390 302 302 214 214 214 214 214 214 203.5 193 305.5 193 193 193 193 193 193 193 193 193 193 96.5 96.5 0 0 1 71.5 27 27 52 49 49 46 46 173 300 300 300 300 300 300 300 150 0 0 0 0 26 52 56 52 52 52 142.5 280.75 419 630 630
185 185 185 113.5 113.5 42 21.5 21.5 30 59 136.5 136.5 164 164 114 122 126 126 228 228 134.5 143 100.5 100.5 160 160 147 134 134 134 134 134 134 262 390 390 390 390 390 302 302 214 214 214 214 316 275 305.5 305.5 305.5 193 193 193 193 193 193 193 193 193 96.5 96.5 0 0 60 2 2 27 27 52 49 46 46 168 300 300 300 300 300 300 300 207.3333 207.3333 0 116.5 116.5 95 142.5 52 52 142.5 142.5 142.5 374.3333 374.3333 630 630
185 185 113.5 113.5 89.66666 42 28.33333 107.5 91.33334 136.5 136.5 214 117.3333 69 69 69 126 126 228 228 228 194 160 160 160 160 147 134 134 134 134 134 134 262 262 390 390 390 390 390 302 214 214 214 316 316 418 418 418 305.5 305.5 193 193 193 193 193 193 193 193 193 96.5 123.6667 123.6667 60 90 2 2 27 36 50.66667 50 86 168 229 229 300 300 300 300 311 311 161 0 116.5 233 233 142.5 142.5 181.6667 181.6667 246.5 246.5 246.5 319.6667 349.5 349.5
