variables_fires/bovino.asc
ncols         1032
nrows         867
xllcorner     -13000
yllcorner     3990000
cellsize      1000
NODATA_value  -9999
[rows 714 to 764 of 867, columns 384 to 479 of 1032]
501 543.5 543.5 496.5 496.5 496.5 496.5 586 586 379.5 379.5 173 173 173 403 403 403 403 633 633 633 633 633 633 633 633 633 633 633 633 337.5 337.5 42 42 42 42 42 42 621.5 621.5 1201 1201 1201 1201 1201 1201 1201 1201 1201 1201 1201 1201 1201 1201 1201 1201 686.5 172 172 181.6667 181.6667 156 156 186.5 186.5 156 156 92.5 92.5 29 29 92.5 307 736 736 736 736 736 736 736 736 736 736 736 736 569 402 402 402 569 569 402 402 402 402 402
501 501 543.5 498 407 407 496.5 496.5 496.5 496.5 388.6667 173 173 173 403 403 403 633 633 633 633 633 633 633 633 633 633 633 633 633 633 337.5 42 42 42 42 42 42 42 621.5 1201 1201 1201 1201 1201 1201 1201 1201 1201 1201 1201 1201 1201 1201 1201 686.5 686.5 172 172 172 164 156 156 156 156 156 156 156 92.5 92.5 92.5 92.5 446 736 736 736 736 736 736 736 736 736 736 736 569 569 402 402 569 569 569 402 402 402 402 402
501 501 501 454 407 407 407 407 407 407 290 290 403 403 403 403 633 633 633 633 633 633 633 633 633 633 633 633 633 633 633 397.6667 280 280 280 280 280 280 280 587 587 1201 1201 1201 1201 1201 1201 1201 1201 1201 1201 1201 1201 1201 1201 686.5 686.5 172 172 172 164 164 156 156 156 156 156 156 156 156 156 156 446 736 736 736 736 736 736 736 736 736 736 736 569 569 569 569 569 736 569 402 402 402 402 402
501 501 501 454 407 407 407 407 407 407 407 404.3333 403 633 633 633 633 633 633 633 633 633 633 633 633 633 633 633 633 633 633 575.5 518 518 518 518 518 518 518 518 859.5 859.5 1201 1201 1201 1201 1201 1201 1201 1201 1201 1201 1201 1201 686.5 686.5 172 172 172 172 172 164 156 156 156 156 156 156 156 156 156 511.6667 511.6667 736 736 736 736 736 736 736 736 736 736 736 736 569 569 736 736 736 569 402 402 402 402 402
501 501 454 454 407 407 407 407 407 407 407 520 520 633 633 633 633 633 633 633 633 633 633 633 633 633 633 633 633 575.5 575.5 575.5 518 518 518 518 518 518 518 518 518 859.5 859.5 859.5 1201 1201 1201 1201 1201 795 795 795 587.3333 587.3333 686.5 172 172 172 172 172 172 164 156 156 156 156 156 156 156 156 399.5 399.5 490.6667 414.5 414.5 414.5 414.5 736 736 736 736 736 736 736 736 736 736 736 736 736 569 569 402 402 402 402
501 501 454 407 407 407 407 407 407 407 407 407 520 520 633 633 633 633 633 633 633 633 633 633 633 633 633 633 575.5 575.5 518 518 518 518 518 518 518 518 518 518 518 518 518 859.5 859.5 859.5 859.5 702.6667 795 795 389 389 280.5 280.5 172 172 172 172 172 172 172 164 156 156 156 156 156 156 156 156 399.5 643 368 414.5 414.5 414.5 414.5 736 736 736 736 736 736 736 736 736 736 736 736 736 736 569 569 402 402 402
501 501 454 454 407 407 407 407 407 407 407 407 407 520 633 633 633 633 633 633 633 633 633 633 633 633 633 575.5 575.5 518 518 518 518 518 518 518 518 518 518 518 518 518 518 518 518 518 518 453.5 389 389 389 389 389 280.5 172 172 172 172 172 172 172 164 164 156 156 156 156 156 156 399.5 399.5 643 368 490.6667 414.5 414.5 414.5 414.5 414.5 736 736 736 736 736 736 736 736 736 736 736 736 736 569 569 569 569
501 501 501 454 407 407 407 407 407 407 407 407 407 520 520 633 633 633 633 633 633 633 633 633 633 633 633 575.5 518 518 518 518 518 518 518 518 518 518 518 518 518 518 518 518 518 518 518 453.5 389 389 389 389 389 280.5 280.5 172 172 172 172 172 172 172 164 156 156 156 156 156 156 399.5 643 643 643 368 490.6667 93 93 93 414.5 736 736 736 736 736 736 736 736 736 736 736 736 736 736 736 736 736
501 501 501 454 407 407 407 407 407 407 407 407 407 407 520 520 633 633 633 633 633 418.5 418.5 418.5 418.5 418.5 575.5 575.5 518 518 518 518 518 518 518 518 518 518 518 518 518 518 518 518 518 518 518 453.5 389 389 389 389 389 280.5 280.5 172 172 172 172 172 172 172 164 156 156 156 156 156 399.5 399.5 643 643 643 368 368 93 93 93 414.5 736 736 736 736 736 736 736 736 736 736 736 736 736 736 617.5 617.5 461.6667
501 501 501 454 407 407 407 407 407 407 407 407 407 288.5 288.5 403.3333 401.5 633 633 418.5 418.5 418.5 204 204 204 418.5 451.6667 361 518 518 518 518 518 518 518 518 518 518 518 518 518 518 518 518 518 518 518 453.5 389 389 389 389 389 280.5 280.5 172 172 172 172 172 172 172 164 164 156 156 156 156 399.5 643 643 643 643 368 93 93 93 93 414.5 414.5 414.5 736 736 736 736 736 736 736 736 736 617.5 617.5 617.5 617.5 324.5 324.5
501 501 501 454 407 407 407 407 407 407 407 407 288.5 288.5 288.5 170 401.5 401.5 401.5 335.6667 204 204 204 204 204 204 204 361 361 518 518 518 518 518 518 518 518 518 518 518 518 518 518 518 518 518 518 453.5 389 389 389 389 389 389 280.5 172 172 172 172 172 172 172 172 164 156 156 156 156 399.5 399.5 643 643 643 368 93 93 93 93 93 414.5 414.5 736 736 736 736 736 736 617.5 617.5 617.5 617.5 499 499 499 324.5 150
501 501 501 454 407 407 407 407 407 407 407 288.5 288.5 170 170 170 170 401.5 401.5 335.6667 204 204 204 204 204 204 204 204 361 518 518 518 518 518 518 518 518 518 518 518 518 518 518 518 518 518 518 453.5 389 389 389 389 389 389 280.5 280.5 172 172 172 172 172 172 172 164 164 156 156 156 156 399.5 643 643 643 368 103.5 93 93 93 93 414.5 736 736 425 425 425 449.6667 617.5 617.5 499 499 499 499 499 499 324.5 150
501 501 501 454 407 407 407 407 407 288.5 288.5 288.5 170 170 170 170 170 170 170 187 204 204 204 204 204 204 204 204 361 361 518 518 518 518 518 518 518 518 518 518 518 518 518 518 518 518 518 453.5 389 389 389 389 389 389 280.5 280.5 280.5 172 172 172 172 172 172 172 164 156 399.5 399.5 399.5 399.5 643 643 643 283.3333 103.5 103.5 103.5 93 93 314.3333 425 425 425 114 114 306.5 306.5 499 499 499 499 499 499 499 324.5 150
501 501 494.5 465.3333 407 407 407 407 407 288.5 288.5 170 170 170 170 170 170 170 170 187 204 204 204 204 204 204 204 204 204 361 361 518 518 518 518 518 518 518 518 518 518 518 518 518 518 518 453.5 453.5 389 389 389 389 389 389 389 389 280.5 172 172 172 172 172 218.5 218.5 164 164 281.6667 643 344.5 643 643 643 378.5 378.5 114 114 103.5 103.5 103.5 103.5 425 425 114 114 114 306.5 499 499 499 499 499 499 499 499 324.5 150
494.5 494.5 494.5 447.5 407 407 407 407 407 288.5 170 170 170 170 170 170 170 170 170 187 204 204 204 204 204 204 204 204 204 204 744 1014 518 518 518 518 518 518 518 518 518 518 518 518 453.5 453.5 453.5 389 389 389 389 389 389 389 389 389 275.3333 275.3333 218.5 218.5 218.5 218.5 218.5 161 109 124.6667 254.25 344.5 344.5 643 643 643 254 59.5 114 114 114 114 114 114 114 114 114 114 306.5 306.5 499 499 499 499 499 499 499 499 324.5 324.5
488 488 645.5 566 407 407 288.5 288.5 288.5 288.5 170 170 170 170 170 170 170 170 187 187 204 204 204 204 204 204 204 204 204 857 857 1014 1014 518 518 518 518 518 518 518 518 518 518 518 453.5 389 389 389 389 389 389 389 389 389 389 389 327 275.3333 218.5 218.5 218.5 218.5 265 155.5 46 46 109 46 344.5 344.5 643 643 324 59.5 59.5 114 114 114 114 114 114 114 114 114 306.5 499 499 499 499 499 499 499 499 499 499 306
645.5 645.5 645.5 605 605 605 460 170 288.5 288.5 170 170 170 170 170 170 170 170 187 204 204 204 204 204 204 577 857 857 857 857 1510 1510 1014 518 518 518 518 518 518 518 518 518 453.5 453.5 453.5 389 389 389 389 389 389 389 389 389 389 327 327 265 265 265 265 265 155.5 155.5 46 46 46 46 46 344.5 643 324 324 5 59.5 47 114 114 114 114 114 57 57 57 204.3333 499 499 499 499 499 499 499 287.5 287.5 287.5 248.5
645.5 803 803 803 803 803 486.5 170 170 170 170 170 170 170 170 170 170 187 187 204 204 204 204 204 110.5 577 763.5 1510 1510 1510 1510 1510 1014 1014 1014 518 518 518 518 518 518 518 453.5 389 389 389 389 389 389 389 389 389 389 389 327 327 265 265 265 265 265 265 155.5 155.5 155.5 46 46 46 344.5 344.5 643 324 5 5 5 47 68 45.33333 57 57 57 57 34.5 189.3333 189.3333 499 499 499 499 277 210 287.5 287.5 76 76 172.5
803 803 803 803 803 803 486.5 486.5 170 170 170 170 170 170 170 170 170 187 204 204 204 204 857 577 110.5 17 763.5 1510 1510 1510 1510 1510 1510 1510 1014 1014 1014 518 518 518 518 453.5 453.5 389 389 389 389 389 389 389 389 389 389 389 327 265 265 265 265 265 265 265 265 155.5 155.5 46 46 344.5 344.5 643 643 324 220 170.5 13.5 13.5 22 45.33333 0 34.5 34.5 34.5 34.5 48.5 198.6667 499 499 499 277 277 65.5 76 76 76 76 172.5
803 803 803 803 803 803 486.5 170 170 170 170 170 170 170 170 170 170 628 857 857 857 857 857 763.5 17 17 763.5 1510 1510 1510 1510 1510 1510 1510 1510 1510 1014 1014 518 518 276.5 314 389 389 389 389 389 389 389 389 389 389 389 389 327 327 265 265 265 265 265 265 265 265 155.5 46 46 344.5 643 643 643 327.5 327.5 17 17 22 11 11 34.5 34.5 69 48.5 48.5 48.5 263.5 499 499 277 277 55 65.5 76 76 76 76 76
476 803 803 803 803 410.5 330.3333 170 170 170 170 170 170 170 170 170 170 840 1510 1510 857 1510 1510 763.5 763.5 763.5 763.5 1510 1510 1510 1510 1510 1510 1510 790.5 1510 1510 687.6667 276.5 276.5 276.5 212 389 389 389 389 389 389 389 389 389 389 389 389 389 327 265 265 265 805 265 265 265 265 155.5 46 344.5 344.5 344.5 643 643 327.5 327.5 12 20.33333 24.5 30.33333 30.33333 34.5 69 48.5 48.5 28 263.5 263.5 499 277 277 55 55 65.5 76 76 76 76 76
476 476 803 410.5 410.5 410.5 94 170 170 170 170 170 170 170 170 170 840 840 1510 1510 1510 1510 1510 1510 763.5 763.5 763.5 1510 1510 1510 1510 1510 1510 790.5 790.5 790.5 790.5 538.6667 772.5 35 35 212 389 389 389 389 389 389 389 389 389 389 389 389 389 327 265 805 805 805 805 265 265 155.5 155.5 46 46 46 344.5 643 643 327.5 327.5 12 19.5 24.5 39.33333 45.5 69 48.5 48.5 28 263.5 263.5 499 499 277 55 55 55 65.5 76 76 76 76 76
323.3333 323.3333 410.5 410.5 18 18 94 94 170 170 170 170 170 170 170 170 840 1510 1510 1510 1510 1510 1510 1510 1510 763.5 1510 1510 1510 1510 1510 1510 1510 790.5 790.5 790.5 71 790.5 538.6667 35 35 212 389 389 389 389 389 389 389 389 389 389 327 327 327 327 805 805 1345 1345 805 805 805 552 155.5 155.5 155.5 46 344.5 344.5 643 327.5 327.5 19.5 19.5 20.5 36.66667 41.5 48.5 721.6667 1048 263.5 263.5 499 277 277 277 55 55 65.5 65.5 76 76 76 76 76
83.5 18 18 18 18 18 18 102.6667 145 145 145 170 170 170 170 840 840 1510 1510 1510 1510 1510 1510 1510 1510 1510 1510 1510 1510 1510 1510 1510 1510 1510 790.5 71 71 71 846.6667 1234.5 212 212 1411.5 1411.5 1411.5 389 389 389 389 389 327 327 327 265 327 327 805 1345 1345 1345 1345 1183 1183 877 877 444 155.5 46 46 344.5 643 471.5 318.3333 113 19.5 703 14 41.5 37 1048 1048 865 1283.5 874 874 55 55 65.5 65.5 65.5 76 76 76 76 76 748
18 18 18 18 18 18 18 69 69 120 145 145 170 170 840 840 1510 1510 1510 1510 1510 1510 1510 1510 1510 1510 1510 1510 1510 1510 1510 1510 1510 790.5 790.5 71 71 71 1252.5 846.6667 952.6667 952.6667 1411.5 2434 1411.5 1411.5 1029.333 327 327 327 327 265 265 265 327 470.5 578.3333 514.3333 709 709 709 813 813 1021 1021 444 444 1057 1057 919 764.25 764.25 300 798.3333 1047.5 703 1041 703.3333 703.3333 1048 2068 2068 1283.5 1283.5 711.6667 33.5 65.5 65.5 76 76 76 748 748 748 748 748
18 18 18 18 18 18 18 18 69 120 145 600 840 840 840 1510 1510 1510 1510 1510 1510 1510 1510 1510 1510 1510 1510 1510 1510 1510 1510 1510 790.5 790.5 71 71 71 71 71 1252.5 1252.5 2434 2434 2434 2434 1411.5 1029.333 1349.5 1349.5 265 265 265 206 206 206 470.5 539 99 73 73 547 547 1021 1021 1021 1021 1045 1045 2068 2068 1057 1184 1184 1184 2068 2068 2068 2068 2068 2068 2068 2068 2068 2068 711.6667 33.5 47.66667 76 76 76 748 748 1420 1420 1420 1420
18 18 18 18 18 18 18 69 69 69 145 600 1510 1510 1510 1510 1510 1510 1510 1510 1510 1510 1510 1510 1510 1510 1510 1510 1510 1510 1510 1510 790.5 790.5 71 71 71 71 71 71 1252.5 2434 2434 2434 2434 2434 2434 2434 1349.5 265 265 265 206 147 147 147 136 99 73 73 547 1021 1021 1021 1021 1021 566.5 1067 2068 2068 2068 2068 2068 2068 2068 2068 2068 2068 2068 2068 2068 2068 2068 2068 1040 1040 44 76 76 748 748 1420 1420 1420 1420 1420
18 18 18 18 18 18 18 265 69 69 120 815 815 1510 1510 1510 1510 1510 1510 1510 1510 1510 1510 1510 1510 1510 1510 1510 790.5 790.5 1510 790.5 585.6667 123.5 71 71 71 123.5 123.5 123.5 893.6667 1252.5 2434 2434 2434 2434 2434 1349.5 1349.5 1349.5 265 265 206 147 147 136 136 99 73 73 547 1021 1021 1021 1021 1021 566.5 1090 1090 1090 1090 2068 2068 2068 2068 2068 2068 2068 2068 2068 2068 2068 2068 695.3333 695.3333 12 44 44 748 748 1420 1420 1420 1420 1420 1420
18 18 18 18 337.5 337.5 18 265 388.5 120 120 120 815 1510 1510 1510 1510 1510 1510 1510 1510 1510 1510 1510 1510 1510 1510 1510 790.5 790.5 790.5 585.6667 585.6667 123.5 123.5 123.5 123.5 123.5 176 176 893.6667 893.6667 1305 2434 2434 2434 2434 2434 2434 1349.5 265 265 179 147 136 136 125 99 73 73 547 1021 1021 1021 1021 566.5 566.5 112 112 112 1090 1090 2068 2068 2068 2068 2068 2068 2068 2068 2068 1059.5 708.3333 1037 9 9 479.3333 502.6667 748 1420 1420 1420 1420 1420 1420 1420
18 18 337.5 337.5 337.5 337.5 337.5 337.5 388.5 388.5 388.5 388.5 815 1510 1510 1510 1510 1510 1510 1510 1510 1510 1510 1510 1510 1510 1510 1510 1510 1510 790.5 585.6667 843 176 123.5 176 176 176 176 176 176 893.6667 1305 1305 2434 2434 2434 2434 2434 1084 409 265 179 136 136 125 125 99 73 73 547 1021 1021 1021 566.5 566.5 69 69 83.33334 69 568.75 749.6667 1068.5 716.6667 1040.5 2068 2068 2068 2068 1059.5 1059.5 1059.5 708.3333 6 6 9 713 1420 1420 1420 1420 1420 1420 1420 1420 1420
337.5 337.5 337.5 657 657 657 657 657 657 657 657 388.5 762.3333 1083.5 1510 1510 1510 1510 1510 1510 1510 1510 1510 1510 1510 1510 1510 1510 1510 1510 843 843 176 176 176 176 176 176 176 176 176 176 796.5 1007 1284 2434 2434 1493.5 1493.5 1493.5 409 409 314.3333 125 125 125 339 250.3333 313 73 549 1021 1021 566.5 415 112 83.33334 69 69 69 47.5 69 1068.5 41 1040.5 1040.5 2068 1041 1041 711 711 51 28.5 6 6 6 713 1420 1420 1420 1420 1420 1420 1420 1420 1420
657 657 657 657 657 657 657 657 657 657 657 657 657 1083.5 1510 1510 1510 1510 1510 1510 1510 1510 1510 1510 1510 1510 1510 1510 1510 1510 1510 843 176 176 176 176 176 176 176 176 176 176 796.5 1417 1284 996 996 1493.5 553 553 553 553 339 339 339 339 339 553 313 313 549 787 562 415 112 112 112 112 112 69 69 90.5 69 41 13 1040.5 2068 1041 17.5 404.5 286.6667 423 284 284 6 713 713 1420 1420 1420 1420 1420 1420 1420 1420 1420
657 657 657 657 657 657 657 657 657 657 657 657 657 1083.5 1083.5 1510 1510 1510 1510 1510 1510 1510 1510 1510 1510 1510 1510 1510 1510 1510 1510 843 176 176 176 176 176 176 176 176 176 796.5 796.5 709 709 1 277 553 553 553 553 553 553 553 553 553 553 553 313 313 553 553 562 112 112 112 112 112 112 112 112 90.5 85.5 81.25 725.3333 567.75 1081.5 549.5 276.6667 404.5 795 423 423 400.5 400.5 740.3333 1107.5 1107.5 1107.5 1420 1420 1420 1420 1420 1420 1420
657 657 657 657 657 657 657 657 657 657 657 657 657 657 1083.5 1510 1510 1510 1510 1510 1510 1510 1510 1510 1510 1510 1510 1510 1510 1510 1510 843 843 176 176 176 176 176 176 176 176 796.5 796.5 1417 709 1 657 657 985 553 553 553 553 553 553 553 553 553 553 308 308 553 332.5 112 112 112 112 112 112 112 112 112 106 121.5 95 95 95 58 303.6667 408 795 795 795 795 795 795 795 795 1107.5 1107.5 1420 1420 1420 1420 1420 1420
657 657 657 657 657 657 657 657 657 657 657 657 657 657 1083.5 1510 1510 1510 1510 1510 1510 1510 1510 1510 1510 1510 1510 1510 1510 1510 1510 843 843 176 176 176 176 176 176 176 796.5 796.5 1417 1417 709 709 709 1417 985 985 553 553 553 553 553 553 553 553 553 308 308 242.6667 242.6667 87.5 87.5 87.5 112 112 112 112 130 130 118.3333 121.5 95 93 95 95 58 303.6667 795 795 795 795 795 795 795 795 795 1107.5 1107.5 1107.5 1420 1420 1420 1420
657 657 657 657 657 657 657 657 657 657 657 657 657 657 1083.5 1510 1510 1510 1510 1510 1510 1510 1510 1510 1510 1510 1510 1510 1510 1510 1510 1510 843 843 176 176 176 176 176 796.5 796.5 1417 1417 1417 1417 709 709 709 1417 985 553 553 553 553 307.5 553 553 553 553 308 308 308 63 63 63 87.5 87.5 107.6667 107.6667 130 130 148 148 102.5 92 93 92 95 95 445 445 795 795 795 795 795 795 795 795 795 795 1107.5 1107.5 1107.5 1420 1420
657 657 657 657 657 657 657 657 657 657 657 657 657 657 1083.5 1083.5 1510 1510 1510 1510 1510 1510 1510 1510 1510 1510 1510 1510 1510 1510 1510 1510 1510 843 843 176 796.5 796.5 796.5 796.5 1417 1417 1417 1417 1417 709 709 709 1417 985 553 553 553 307.5 307.5 307.5 553 307.5 307.5 226 308 308 63 63 63 63 63 105.5 148 148 148 113 113 105 83.5 89 92 92 95 95 445 445 795 795 795 795 795 795 795 795 795 795 795 1107.5 1107.5 1420
657 657 657 657 657 657 657 657 657 657 657 657 657 657 1083.5 1083.5 1510 1510 1510 1510 1510 1510 1510 1510 1510 1510 1510 1510 1510 1510 1510 1510 1463.5 1463.5 1034.333 796.5 796.5 1417 1417 1417 1417 1417 721 1417 1417 1417 709 709 709 657 553 553 307.5 307.5 62 307.5 307.5 307.5 62 210 259.3333 259.3333 112.5 63 63 63 105.5 105.5 148 148 113 113 78 78 82 89 89 92 92 92 95 445 795 795 795 795 795 795 795 795 795 795 795 795 1107.5 1107.5
657 657 657 657 657 657 657 657 657 608 608 608 608 608 1083.5 1083.5 1510 1510 1510 1510 1510 1510 1510 1510 1510 1510 1510 1510 1510 1510 1510 1463.5 1463.5 1417 1417 1417 1417 1417 1417 1417 721 721 721 721 721 1417 709 1 1 277 277 553 307.5 62 62 62 62 62 112 112 112.5 112.5 112.5 112.5 105.5 105.5 105.5 148 148 113 113 78 78 78.5 82 84 84 84 84 92 92 323 437 437 437 437 795 795 795 795 795 795 795 795 795 1107.5
657 657 657 657 657 657 657 657 608 608 559 559 559 608 608 908.6667 1510 1510 1510 1510 1510 1510 1510 1510 1510 1510 1510 1463.5 1463.5 1463.5 1463.5 1463.5 1417 1417 1417 1417 1417 1417 1417 721 721 25 25 721 721 721 709 1 1 277 205.3333 307.5 307.5 62 62 62 62 112 112 162 162 162 112.5 112.5 124.3333 148 148 148 113 113 78 78 78.5 78.5 79 79 79 79 84 84 87.66666 87 79 79 79 437 437 437 437 437 437 437 437 437 795 1107.5
3888 657 657 657 657 657 657 608 608 559 559 559 559 559 559 1034.5 1510 1510 1510 1510 1510 1510 1510 1510 1510 1463.5 1463.5 1463.5 1417 1417 1417 1417 1417 1417 1417 1417 1417 1417 1417 721 721 25 25 25 25 721 709 1 1 1 31.5 62 62 62 62 62 62 112 162 162 162 162 162 155 155 148 148 148 113 78 78 78 78.5 79 79 79 79 79 79 79 79 79 79 79 79 79 79 79 79 79 79 79 79 437 437 764.6667
3888 657 657 657 424 657 608 608 559 559 559 559 559 559 559 1034.5 1510 1510 1510 1510 1510 1510 1510 1463.5 1463.5 1463.5 1417 1417 1417 1417 1417 1417 1417 1417 1417 1417 1417 1417 1417 1417 721 25 721 721 721 721 709 1 1 1 31.5 31.5 62 62 62 62 62 112 162 162 162 162 162 162 155 148 148 113 113 106.5 106.5 97.33334 78.5 79 79 79 79 79 79 79 79 79 79 195 195 79 79 79 195 195 195 195 79 79 79 437
3888 3888 424 424 424 469 469 559 559 559 559 559 559 559 559 1034.5 1510 1510 1510 1510 1510 1510 1510 1463.5 1463.5 1417 1417 1417 1417 1417 1417 1417 1417 1417 1417 1417 1417 1417 1417 1417 721 721 721 1417 1417 1417 709 1 1 1 1 31.5 79.5 79.5 62 62 112 112 162 162 162 162 162 155 155 148 148 113 106.5 106.5 106.5 107 107 107 107 107 79 107 79 195 195 195 195 195 195 195 195 195 195 311 311 195 195 79 79 98.5
7119 2655.667 424 191 191 191 375 375 559 559 559 559 559 559 559 1034.5 1034.5 1510 1510 1510 1510 1510 1510 1463.5 1417 1417 1417 1417 1417 1417 1417 1417 1417 1417 1417 1417 1417 1417 1417 1417 1417 1417 1417 1417 1417 1417 709 709 1 709 709 53.33333 79.5 79.5 79.5 107 112 162 162 162 162 155 155 155 148 141.5 120.3333 120.3333 106.5 135 135 135 135 135 135 107 107 107 175 195 311 311 311 311 311 311 311 311 311 311 311 311 269 206.25 158 98.5
7119 2655.667 3655 191 191 191 191 375 375 375 559 559 559 559 559 1034.5 1034.5 898.5 898.5 1510 997 997 997 1137 950.5 950.5 950.5 950.5 1417 1417 1417 1417 1417 1417 1417 1417 1417 1417 1417 1417 1417 1417 1417 1417 1417 1417 1417 709 709 709 593 469 97 79.5 79.5 129.5 162 162 162 162 162 155 141.5 141.5 141.5 141.5 135 135 135 135 135 135 135 135 135 135 135 135 223 311 311 311 311 311 311 311 311 311 311 311 311 364 364 217.5 68 118
7119 7119 3655 3655 191 191 191 191 191 375 375 559 559 559 559 785.3333 898.5 898.5 898.5 898.5 760.3333 484 484 484 484 484 484 950.5 950.5 1417 1417 1417 1417 1417 1417 1417 1417 1417 1417 1417 1417 1417 1417 1417 1417 1417 1417 1417 593 593 889 229 229 97 97 129.5 129.5 129.5 129.5 129.5 135.6667 135.6667 141.5 135 135 135 135 135 135 135 135 135 135 135 135 135 135 223 223 311 311 311 311 311 311 311 260 260 311 311 364 364 217.5 217.5 68 68
7119 7119 7119 3655 3655 3655 3655 191 191 191 375 375 375 423 423 423 287 287 287 287 385.5 484 484 484 484 484 484 484 950.5 1417 1417 1417 1417 1417 1417 1417 1417 1417 1417 1417 1417 1417 1417 1417 1417 1417 889 889 889 361 361 361 229 229 229 97 97 97 97 97 122.5 148 141.5 135 135 135 135 135 135 135 135 135 135 135 135 223 223 223 311 311 311 311 311 260 260 260 260 260 260 312.3333 312.3333 417 129.8 58 44.5 69
7119 7119 7119 7119 7119 7119 3655 3655 191 191 191 191 345.6667 345.6667 287 287 287 287 287 287 385.5 484 484 484 484 484 484 484 950.5 950.5 950.5 1417 1417 1417 1417 1417 1417 1417 1417 1417 1417 1417 1417 1417 1417 1417 889 889 361 361 361 361 361 361 229 229 229 97 97 97 122.5 141.5 141.5 135 135 135 135 135 135 135 135 283 283 135 135 150.6667 158.5 311 311 311 311 260 260 260 209 209 209 209 313 313 417 244 244 71.33334 71.5 44.5
7119 7119 7119 7119 7119 7119 7119 3655 3655 191 191 191 239 254.5 254.5 254.5 254.5 254.5 287 287 385.5 385.5 385.5 484 484 484 484 484 484 484 950.5 950.5 1417 1417 1417 1417 1417 1417 1417 1417 1417 1417 1417 1417 1417 1417 1417 889 361 361 361 361 361 361 361 263.5 208 131.5 131.5 131.5 137 141.5 135 135 135 135 283 283 135 283 283 283 190.6667 190.6667 70.5 70.5 158.5 158.5 311 311 311 260 209 209 209 209 209 313 313 417 417 244 71 71.33334 71.5 44.5
7119 7119 7119 7119 7119 7119 7119 7119 3655 191 191 272 263.25 287.3333 222 222 222 254.5 287 287 287 359 400.6667 457.5 484 484 484 484 484 484 950.5 950.5 950.5 1417 1417 1417 1417 1417 1417 1417 1417 1417 1417 1417 1417 1417 1417 889 361 361 361 361 361 361 361 263.5 166 166 166 166 157 149.6667 150.5 135 135 283 283 283 283 283 431 431 218.5 6 6 6 158.5 158.5 311 260 260 260 160 160 209 209 209 313 417 417 244 244 71.5 71.33334 71 44.5
7119 7119 7119 7119 7119 7119 7119 7119 2554.333 2554.333 272 272 353 287.5 222 222 222 254.5 254.5 287 359 359 431 457.5 457.5 484 484 484 484 950.5 950.5 1417 950.5 1417 1417 1417 1417 1417 1417 1417 1417 1417 1417 1417 1417 1417 1417 889 361 361 361 361 361 361 361 263.5 166 166 166 166 166 166 244 283 283 283 431 431 431 431 431 431 218.5 6 6 6 6 158.5 260 260 160 160 160 160 160 160 245.6667 245.6667 417 417 244 71 71.5 71.5 71.5 69
