variables_fires/int_cf_200.asc
ncols         1032
nrows         867
xllcorner     -13000
yllcorner     3990000
cellsize      1000
NODATA_value  -9999
[rows 104 to 155 of 867, columns 576 to 671 of 1032]
0 0 0 0 0 0 0 0 0 0 0 0 30776 329457 135446 9542 2613 273212 229376 229925 50924 56755 0 2378 32531 0 0 53369 0 0 9490 352498 289567 96359 0 93107 99105 132947 0 149315 318618 219286 332093 0 0 0 78105 232434 251862 304235 226078 0 0 0 0 0 202565 268641 162103 408557 81318 0 0 0 0 256043 320252 31333 0 0 0 0 0 0 0 0 0 0 0 0 0 0 0 122056 257651 0 297076 298757 304336 367406 145375 255292 330697 414072 389729 69540
0 0 0 0 0 0 0 0 0 0 0 1640 270938 12356 130160 71499 107711 195884 0 258971 222216 310467 212772 280883 384615 371175 265359 217111 142280 86327 148340 334161 368580 0 0 278362 169740 159421 186406 319703 237014 0 0 95333 337026 190352 0 0 0 151202 286568 250428 93104 0 0 132567 211581 278002 386035 70932 34281 0 0 0 0 0 0 0 0 0 0 0 0 0 0 0 0 0 0 0 0 0 94985 378651 97112 298520 390921 334594 69673 149816 274280 299791 599926 356423 7950 0
0 0 0 0 0 0 320221 261813 236920 259984 236032 343739 352190 0 453222 43476 247486 119594 0 70324 143148 253737 101756 84144 3687 0 25015 223847 330701 141994 135186 52332 0 0 0 405379 472522 265131 409721 330009 403246 367007 319508 6207 36496 343804 74987 0 0 0 296424 396508 29604 76257 230199 285050 393059 314407 291055 354190 384267 191005 0 0 0 0 0 0 0 0 0 0 0 0 0 0 0 0 0 0 0 0 244274 239492 484620 111107 405919 311588 235877 272478 309650 372250 370288 437951 14573 0
0 0 0 189283 3063 8656 214317 0 3 0 0 269935 109179 37129 203463 113931 202884 291507 38 0 0 0 0 0 0 0 0 0 0 0 0 0 0 0 0 8147 240187 377340 43406 118118 151902 128947 153205 218926 0 93742 320137 0 0 0 222155 364326 3444 323015 337499 236456 0 0 14176 321260 458606 302482 480437 80299 0 0 0 0 0 0 0 0 0 0 0 0 0 0 0 0 0 0 75389 302500 100981 401470 39448 288606 164133 438858 299326 246516 166744 319719 0 0
0 161783 232172 360093 190 0 310999 231044 421030 261878 230570 107647 215010 514632 49938 0 122112 203191 116911 0 0 0 0 0 0 0 0 0 0 0 0 0 0 260845 218656 208490 0 145 10047 0 92553 0 0 212350 97829 993 240620 0 0 0 222277 328699 0 39494 404139 26878 0 0 0 0 0 284806 336440 0 0 0 0 0 0 0 0 0 0 0 0 0 0 0 0 0 0 0 0 227459 263016 422116 247195 235420 71941 57 199558 159746 0 90869 0 0
278888 139080 0 224776 0 0 45215 0 7455 46055 0 0 0 34003 176958 287810 195529 261920 399960 385281 0 0 0 0 0 0 0 0 82667 309213 254742 239118 76701 395433 434597 301755 220367 374763 11313 0 223706 67396 0 58333 113519 249171 150888 0 174981 163176 315938 212794 0 196079 345825 43555 0 0 0 0 0 178064 388859 9404 0 0 0 0 0 0 0 0 0 0 0 0 0 0 0 0 0 0 0 0 0 75900 0 0 0 0 0 0 0 0 0 0
23175 318563 76051 87115 0 0 0 0 0 0 0 0 0 0 0 0 28457 87843 39040 7142 0 0 0 0 0 0 0 0 73107 294533 33583 291796 416854 374020 564256 304862 358338 110640 0 78497 386276 233086 0 0 207914 28011 248841 108597 275830 419559 100838 124387 0 242842 15297 0 0 0 0 0 0 0 68179 458255 0 0 0 0 0 0 0 0 0 0 0 0 0 0 0 0 0 0 0 0 0 0 0 0 0 0 0 0 0 0 0 0
198522 53432 0 0 0 0 0 0 0 0 0 0 0 0 0 0 0 0 0 0 0 0 0 0 0 263001 239286 259628 49577 319981 194580 304298 0 268378 98051 344980 87339 0 0 210527 0 0 0 0 1645 252112 1515 280351 80568 144100 0 0 174006 149001 91789 0 0 0 0 0 0 0 0 315090 0 0 0 0 0 0 0 0 0 0 0 0 0 0 0 0 0 0 0 0 0 0 0 0 0 0 0 233521 225275 0 0 0
0 0 0 0 0 0 0 0 0 0 0 0 0 0 0 0 0 0 0 0 0 0 0 0 0 90488 249020 187652 193943 105127 96582 26245 0 29990 200843 130058 0 0 0 0 0 95487 6328 0 0 20477 0 80218 221533 358063 315118 107953 190402 0 0 115463 0 41210 448884 1465 0 0 0 330268 121236 0 0 0 0 0 0 0 0 0 0 0 0 0 0 0 0 0 0 0 0 0 0 0 0 0 0 150897 403397 10057 0 0
0 0 0 0 0 0 0 0 0 0 0 0 0 0 0 0 0 0 0 0 0 0 0 0 0 0 0 222664 319936 302570 225937 62083 0 0 109025 328479 73836 0 0 0 0 364604 35226 0 27680 270097 25331 0 0 0 123919 486927 331987 27501 0 102931 56180 263615 274829 173546 0 4030 0 194291 225255 0 0 0 0 0 71424 51459 0 0 0 0 0 0 0 0 5815 194017 190560 18203 4129 0 0 0 0 0 0 0 72465 321484 0 0
0 0 0 0 0 0 0 0 0 0 0 0 0 0 0 0 0 0 0 0 0 0 0 0 146 194999 399798 285301 47717 233859 433312 276741 0 0 135749 89695 257598 267938 0 0 0 88114 90428 0 0 99337 166730 145334 0 18496 207193 72069 0 0 0 0 127798 372655 0 12508 2480 123398 0 201855 0 0 0 0 0 29558 314637 204724 0 0 0 0 0 0 0 0 180419 397268 524514 442229 257218 0 0 0 18731 433561 54181 0 247639 239660 221419 220378
0 0 0 0 0 0 0 0 0 0 0 0 0 0 0 0 0 0 0 0 0 0 0 0 234206 318121 19781 0 248656 338189 194636 98811 0 202131 75981 0 18455 220735 90154 223940 193057 179013 19909 0 31986 190412 71925 0 0 5530 71550 204304 0 0 0 162016 418662 474539 2514 0 0 0 50216 321519 329847 255003 16461 235043 213325 77742 269013 166148 0 0 0 0 0 0 0 0 214862 316113 12459 0 0 0 0 0 142998 371089 282804 110993 308977 294038 156765 214700
0 0 0 0 0 0 0 0 0 0 0 0 0 0 0 0 51319 16817 0 0 0 0 0 0 9840 320599 248523 340978 358647 213648 4231 0 0 225420 324438 6617 40606 398794 136565 147147 38402 6228 292245 186091 166127 0 428 0 799 0 3854 225668 0 0 111787 115986 57299 439700 124542 0 0 0 69132 118119 100965 67346 458778 384530 266960 0 166295 0 0 0 0 0 0 0 0 0 214292 334635 300 0 0 0 0 0 0 262595 231530 207870 199495 266896 0 0
0 0 0 0 0 0 0 0 0 0 0 0 0 0 0 0 222453 233865 0 0 0 0 0 0 0 0 0 10806 275765 35808 295280 614 763 0 199433 154130 18881 350532 123891 0 0 7898 219284 419106 234520 22176 152413 289769 83701 135159 1091 0 0 29080 218463 412091 60603 0 35045 0 0 0 24090 397241 288298 0 90205 476638 465154 385350 251520 116284 0 0 0 0 0 0 0 0 94144 345368 0 0 0 0 0 0 0 0 0 0 182739 385664 214701 213276
0 0 0 0 0 0 0 5855 306340 17960 0 0 0 0 0 0 262496 213371 0 0 0 0 0 0 0 0 68042 267765 12412 0 214943 229898 35146 118572 90409 150852 169831 193355 128011 0 0 0 0 0 75817 30494 0 12771 127255 62418 0 0 243446 0 0 31351 325148 1769 150135 177049 218647 33348 0 181841 0 0 0 273795 310861 239577 101249 137317 0 0 0 0 0 0 0 0 224671 231190 0 0 0 0 0 0 0 0 0 0 239994 0 0 0
85168 10793 0 0 0 0 0 266264 262932 274877 93545 0 0 0 0 2468 441789 181736 119737 223650 120816 0 128467 274286 177361 229998 354862 432266 42721 193209 217337 230667 0 153995 76582 255910 47928 43483 182647 0 0 0 0 0 0 0 0 286629 523349 382224 0 0 143598 172726 0 0 61637 182917 96694 260658 259350 212475 218211 125528 212160 66194 442 136474 290702 0 492389 337809 280771 227008 0 0 0 0 0 0 366215 158383 2796 0 0 0 0 0 0 0 0 727 315557 320805 156137 197551
154739 223753 235785 196311 96131 32919 0 340221 206376 30914 310610 332098 0 0 0 104596 324536 35189 481285 312029 17312 147406 145601 31615 122056 117608 84701 39251 368017 468388 294003 215888 100627 190507 0 11609 0 308701 12668 32553 31090 108296 3507 0 0 0 0 246351 332634 235749 0 0 0 0 0 0 0 258623 146647 148750 193342 0 0 0 86953 390048 339440 187579 0 181061 112649 24768 83715 126520 183919 0 0 0 18169 345075 210519 395607 176814 0 0 0 0 0 0 0 0 0 321806 473007 75192 217259
242908 322348 31417 99484 148233 358605 559837 382148 379280 246322 215669 163370 0 0 0 78908 280478 0 193211 442155 129461 400387 348976 134483 16274 120195 59419 242740 206700 265664 28242 389859 296442 220168 95409 374232 275506 148803 263349 199850 53923 388351 254863 0 0 0 0 60060 226085 70620 374824 59515 1750 52263 223062 27413 201323 291750 25475 295871 327820 118326 0 0 0 0 5012 0 326304 162065 0 0 0 0 230480 0 0 0 317845 468546 146275 381390 459982 218564 0 0 0 0 0 0 0 225120 161903 335832 1433 217798
0 67194 243583 393738 457162 550548 280244 29665 5468 0 0 0 0 0 0 0 0 197542 386752 228651 181394 103500 34124 248342 32779 86684 149772 399768 63194 0 0 95256 214753 311792 11970 109438 290695 0 0 0 0 0 0 0 0 0 0 0 0 0 339986 233086 216862 250131 222488 361713 262963 76186 242492 0 0 0 0 0 0 0 125981 321255 23064 197805 287881 16955 0 41320 446310 105781 0 99373 370906 318535 443657 537443 265852 60874 0 0 0 180807 221893 0 0 303634 237161 124687 216251 452493
0 0 0 0 7472 446 0 0 0 0 0 0 0 0 0 0 209600 419629 573988 1894 0 0 0 8530 133318 0 0 182339 423004 10594 0 0 192288 120292 9889 16624 56658 384298 216200 3819 0 0 81444 50422 0 0 0 0 0 0 58560 0 0 0 27507 260328 415261 320895 0 0 0 0 0 0 0 85947 1395 104120 303820 218292 20354 296541 51091 0 140156 196111 202025 250696 326475 293361 206824 176229 62971 0 0 0 0 121802 517604 41195 103963 347298 214352 0 0 0
0 0 0 0 0 0 0 0 0 0 0 97592 199774 102199 0 0 433683 415204 417053 0 0 0 0 0 0 0 244022 394203 257932 231365 0 0 0 0 279723 182313 59275 322688 264441 315604 227737 249031 271921 258720 300047 282305 0 0 0 0 0 0 0 0 0 0 378961 438853 82453 0 0 0 0 0 72435 110181 414788 290010 181733 224781 244490 10093 290400 30237 101060 96370 513483 20300 0 40086 162060 10033 350552 59662 0 0 0 110097 351304 507 216742 387965 5576 0 0 0
0 0 0 0 0 0 0 0 0 0 10264 530855 406911 198050 296526 0 342896 224960 105171 0 0 0 0 0 0 0 50995 410458 276316 218649 30190 0 5409 71156 223930 0 40212 230535 193595 193431 228126 160548 0 0 0 110988 0 0 0 0 0 0 0 0 0 0 0 38821 310346 46959 161550 0 20552 0 654 0 231856 444133 107856 105010 142221 373296 217312 310190 151287 0 167311 219564 12584 227044 169246 55236 244385 199034 0 0 0 209874 308305 212418 228718 347027 140797 0 0 0
205035 151873 0 0 0 0 0 0 0 61477 268759 36683 143107 182272 284271 257615 93946 0 55298 133183 25506 0 0 0 84062 133235 316767 445671 233329 209350 0 0 328868 374225 144528 265543 170670 0 0 245560 335595 416286 54483 0 0 8260 74720 289125 81108 0 0 0 103183 211281 193246 212960 161932 52347 80596 0 193807 30056 254998 0 0 0 0 0 0 105273 41396 276587 290363 321311 0 0 0 183835 487444 557344 28759 4746 529894 13693 0 0 0 0 167805 246958 464067 153826 84 0 0 0
17872 159906 0 0 0 0 0 0 0 222533 118452 0 109393 276352 291529 267014 69604 0 0 0 77839 0 42255 137099 292856 232276 6025 373959 0 0 0 0 410631 77945 7718 67916 118971 0 0 45016 497154 380326 294458 61951 0 149749 252856 137911 70659 0 98195 223694 176995 0 23221 0 50816 169929 259219 141190 0 34019 219327 0 0 0 0 2440 130986 3796 0 344520 81723 89521 243061 0 0 0 88099 184637 395243 146251 381639 68343 0 0 0 0 0 0 0 0 0 0 0 0
0 0 0 0 0 0 0 174890 292970 339514 247997 0 0 240751 463222 294068 343532 0 0 64850 139219 140553 599737 457752 399316 564200 321200 109689 0 0 15299 176200 518806 192653 0 0 0 0 0 79020 14700 0 310770 525514 116182 0 0 0 0 171232 134313 0 0 0 0 0 0 0 0 119257 127036 0 0 75113 0 0 0 0 281867 379869 102445 240239 0 0 241170 0 0 0 0 0 76913 436359 172852 41985 0 0 0 0 0 0 0 0 0 0 0 0
0 0 0 0 0 0 23996 252431 0 0 0 0 247570 166755 158839 285450 162097 252323 0 196730 9461 123633 106500 207971 251164 5319 294412 70189 0 0 266443 101002 4750 434407 0 0 0 0 0 0 0 0 302064 48594 0 0 0 20359 201910 0 0 0 0 0 0 0 0 0 0 43238 0 0 0 284321 16733 0 0 84043 312291 270858 182185 376447 18033 0 46846 283143 490456 65804 0 0 0 74526 196473 0 0 0 0 0 0 0 251003 189484 39855 254779 390992 245320
0 0 0 0 0 0 301196 71303 0 0 0 0 343883 271781 143902 188477 243656 310073 222773 130066 58 0 0 0 0 0 0 196731 190462 90520 91247 0 151767 161220 0 0 0 0 0 0 0 0 0 122239 0 0 0 259312 21297 0 0 0 66958 88348 0 0 0 0 0 230695 163615 0 21744 283966 209364 306278 252969 194253 314924 233603 186562 153827 32152 0 0 363565 145079 0 0 0 0 78242 295883 5109 0 0 0 0 0 0 211301 251449 185437 234177 265759 319877
86371 270930 246873 182133 21214 0 179039 287847 152986 0 0 87756 90995 193732 491346 490777 239081 420924 610656 174585 0 0 0 33838 449715 153992 0 0 45905 275684 92165 83 0 230841 0 0 209999 310354 53776 18203 11911 0 0 0 0 0 0 52722 31315 66981 10603 63814 383240 183982 0 0 0 6434 198285 122 333439 262517 201695 4864 78144 268937 70183 262711 415029 220972 225457 314478 231450 0 0 270144 0 0 0 0 15620 451268 262179 397487 97296 0 0 0 0 0 0 0 0 0 0 19697
191734 323547 126134 460690 342649 338679 243522 325554 348922 147426 187653 254357 513454 383224 63379 249637 379115 313887 194350 24102 0 0 23271 0 58909 438407 70634 0 0 0 40060 306466 298062 178384 179879 447035 65218 2706 111339 472830 352703 190191 33277 0 13201 126620 1302 61674 336221 451161 439027 164366 408323 0 0 0 0 100012 441485 180504 0 0 24492 227808 225561 172932 71711 331557 401976 23471 344700 141874 118697 320894 127680 200951 115757 239539 189339 321415 372876 348003 249108 182009 6933 0 0 0 0 0 0 0 0 0 0 0
236620 258091 296343 238137 73085 13188 54306 209885 469810 408593 550517 308061 446292 463866 292940 315203 40048 237338 81866 2970 195025 77568 482263 12508 65942 251066 238004 60365 0 0 184621 397798 68845 0 232872 235350 56766 250191 254047 73584 394203 245634 85733 0 277683 373829 142844 2638 170802 389790 289218 290055 243093 0 0 0 0 1561 268757 73221 0 0 0 0 0 80503 172731 217981 14650 0 134292 241574 258370 0 0 299023 354705 23326 226685 158567 0 4540 0 0 0 0 0 0 0 0 0 0 0 0 0 0
185413 75988 153470 140485 127816 224696 101022 179099 103908 571758 204110 0 137051 52251 0 76561 0 19088 101515 31398 350098 347899 362470 0 0 129127 232818 398875 92284 0 0 143238 250134 0 305380 290467 95738 113243 373594 298872 0 0 234289 492341 94175 0 335054 0 0 206713 152593 367544 187367 0 0 0 416845 272381 299845 265679 0 0 0 0 0 0 514195 251991 373592 387532 111919 63631 389787 277221 23044 241252 270176 26824 0 0 0 0 0 0 0 0 0 125856 159199 0 0 0 0 0 0 0
473872 241605 264829 8382 0 0 0 56181 421255 307529 270555 325099 266642 381468 293058 230384 288429 308260 57729 199346 379627 333849 0 0 0 0 0 142986 518592 256044 0 193727 288556 240066 0 0 0 0 33134 140445 343300 268826 548340 18137 0 175670 186995 364750 188964 160458 0 299219 267273 0 0 280160 373681 222587 300710 442549 8708 0 0 0 0 0 521659 191625 490621 431952 248494 10983 325871 336353 444516 168615 376941 35458 23040 206260 115257 216179 226218 220339 218618 63053 25296 261311 215496 0 0 0 0 0 0 0
58731 202450 286479 183195 114692 0 0 0 0 288835 235321 10941 161483 293707 15924 0 0 229407 0 104656 384961 237204 0 0 0 0 0 0 111206 238248 190493 129854 94729 41451 302942 282060 292051 343315 367229 397873 469042 510520 479422 166822 0 5228 0 99027 463122 207375 9582 219080 147711 0 247271 360528 7063 0 22752 164650 0 0 0 0 0 165617 288924 317867 354925 102756 42183 98449 2059 203436 341550 423411 312269 269785 343405 299043 460139 469759 323435 256595 0 68220 236619 227114 238582 237387 115683 234349 271370 29268 82202 276166
0 0 0 0 0 0 0 102831 169334 385736 0 6487 315104 5894 176210 162405 13121 358471 0 59556 406860 7095 0 0 0 0 0 27 294383 103871 597 227907 257715 238 0 17677 75737 135039 119107 139959 547860 550920 76545 240918 2488 0 0 25585 102541 202734 75265 89158 412589 368738 410760 1011 0 0 0 0 0 0 0 0 0 39470 188171 339996 252996 143358 0 320377 377191 513615 234255 432243 487436 560155 307878 462844 184516 5014 275763 373986 309541 196299 109317 0 0 30650 169142 20973 9086 221423 181494 1625
214622 222417 215196 213835 237011 222248 278394 261942 296904 314380 0 224015 250445 131888 332827 70529 311310 247020 0 25120 195526 0 0 0 0 0 0 0 121390 228779 78023 193544 397130 83219 0 0 0 0 0 17946 279014 187207 238555 417343 11316 0 0 0 262751 168390 203947 6100 312271 116368 39256 0 0 0 0 0 0 0 0 0 0 0 498210 260282 50984 142391 238534 300347 487139 263180 172019 26308 218644 387887 208428 250687 366000 237769 26706 263078 337225 258662 22735 0 0 126266 98786 0 0 9680 147399 335823
372537 216215 215136 177819 232973 282446 152455 182199 107141 3134 0 62315 425406 390773 70145 0 0 0 0 88740 61353 0 0 0 0 0 0 0 0 0 0 341423 114387 0 0 0 0 0 0 303290 313099 375086 384186 367287 0 0 0 0 28542 142319 7792 0 116918 244470 235270 0 0 169124 0 0 0 0 0 0 0 289483 221665 364321 373765 537640 448427 166344 166435 265209 226269 359437 437403 274175 105474 400122 387110 210633 221815 295444 172190 17891 412360 0 0 0 137505 294139 414564 391958 279883 199814
0 0 0 80843 56926 66516 94419 178356 187878 32986 0 0 220383 274995 0 0 0 0 0 0 98557 0 0 0 0 0 0 0 0 0 1092 363983 132039 0 0 0 0 0 0 77666 0 204570 589762 450702 0 0 0 0 0 0 0 0 0 0 252115 360498 44552 437670 0 0 0 0 22762 163213 0 82946 397331 381802 176376 102907 248112 163683 48899 248096 301755 434483 332074 296331 223104 68473 430356 343726 256879 286600 266731 0 73130 365392 34603 97597 124190 143320 3316 103962 0 0
0 0 0 0 293808 361230 342424 282248 198166 10014 0 0 0 0 0 0 0 0 0 0 61652 42930 0 0 0 0 0 0 0 0 460373 228144 368159 74779 0 0 0 0 0 0 0 298437 410056 333416 16813 0 35613 23061 0 0 0 0 37 54444 28001 305400 371766 200148 0 3976 352249 57845 38292 400336 246271 149863 27494 237685 500255 189911 0 0 0 0 0 0 0 149500 249245 0 791 233528 193549 397625 417059 258465 210114 97031 222681 391487 523119 319814 0 0 0 0
0 0 0 0 0 0 0 0 0 0 0 0 0 0 0 0 0 0 0 0 65642 69635 0 0 0 0 0 0 0 12005 222409 6206 348823 39273 0 0 0 0 0 0 0 178833 375899 554401 201760 304642 537643 240467 63394 867 0 145930 340004 665838 362118 427471 260712 7292 123909 163562 310338 265164 227570 39 27180 277480 346876 253989 7515 4677 0 0 0 0 0 0 0 0 206307 0 0 0 0 83048 238546 248371 47287 244580 443678 447606 317103 220641 0 0 0 0
0 0 0 0 0 0 0 0 0 0 0 0 0 0 0 0 0 0 0 0 2773 139255 0 0 0 0 0 0 0 0 0 89238 381615 95093 0 0 0 0 0 15694 235222 380394 169383 69570 237812 146688 147221 261138 179710 312430 214393 218433 252203 73066 52197 0 0 286236 455296 486725 320695 1251 0 0 0 160783 153279 0 0 0 0 0 0 0 0 0 0 89997 280438 187980 184600 43086 0 0 50143 332836 235045 241787 447233 413255 264150 382196 217007 0 0 0
0 0 0 0 0 0 0 0 0 0 0 0 0 0 0 0 0 0 0 0 26766 101671 0 0 0 0 0 0 0 0 0 2630 460980 377573 206926 26269 0 234580 0 0 148028 190461 190664 0 0 0 0 2376 320321 251943 336121 2698 0 0 0 0 0 507382 550824 517511 503956 570969 442713 275168 237529 91827 0 0 0 0 0 0 0 37416 22899 0 94431 200179 0 0 0 191834 215915 174540 242605 217916 57338 137009 268647 143685 210662 296317 264050 0 0 0
0 0 0 0 0 0 0 0 0 0 0 0 0 0 0 0 0 0 0 0 122872 56790 0 0 0 0 0 0 0 0 0 0 0 28633 384046 325652 284866 491186 271948 325535 398634 741094 211609 0 0 0 0 0 318246 422382 304763 319 0 0 194808 0 0 321456 25049 0 31162 16734 166276 5839 135771 327044 369536 453876 265032 0 19166 105 0 321345 457954 157800 143198 0 0 0 12486 221371 245685 262346 410978 241909 230131 0 0 168718 217148 213808 191038 0 0 0
0 0 0 0 0 0 0 0 0 0 0 0 0 0 0 0 0 0 0 0 0 166436 0 0 0 0 387938 115347 0 0 0 181449 302762 58311 173938 483204 272840 281108 237572 292848 220540 444704 92655 0 0 0 0 824 52224 165439 416245 250276 0 103905 237634 135575 88528 393133 520380 216459 0 0 0 0 0 0 256163 238780 461619 220738 350541 332969 152740 131410 21440 455507 371616 150799 195223 247053 280815 28066 0 0 186010 233492 135554 257278 217238 1194 0 0 349002 255793 0 0
0 130987 435882 232445 0 0 0 0 0 0 0 0 0 0 0 0 0 0 0 0 0 145689 0 97082 154169 215308 496886 17940 0 0 0 278648 378131 233116 103 265354 564126 456606 379938 307115 407149 297960 384758 0 0 0 0 51723 483348 458118 457372 488731 310856 213298 37250 216712 475071 620160 434329 280865 445373 55676 0 0 0 0 0 114212 391112 337133 138156 31614 137923 0 0 349745 159078 509 161745 37077 403621 432957 130268 146363 214 203956 472306 227867 420735 33256 0 138151 284555 172440 251744 101398
0 0 0 19583 0 0 0 0 0 0 0 9635 109193 0 59307 0 0 0 0 0 114688 123926 6985 378475 275200 0 0 0 0 0 0 379854 233905 208644 0 0 130806 309172 254581 100950 250685 362768 18487 47571 0 0 0 143248 11944 90815 43007 183894 241782 436659 342181 361568 316051 336994 428747 34772 217535 426697 68191 0 0 0 138647 387893 192274 169414 146524 227268 293653 241391 265208 353705 212697 282114 325112 328177 334621 387788 62593 187975 244234 301897 360035 114922 0 0 0 37078 128169 427993 0 217788
0 0 0 0 0 0 0 0 0 0 0 0 499249 453535 354909 0 0 0 0 0 180301 0 0 0 0 0 0 0 0 0 0 83000 37328 287616 0 0 0 0 0 144299 127952 228278 397910 83057 0 0 0 8619 128207 351173 101893 17598 330095 266808 415858 167316 452849 523804 153358 0 0 169440 337618 0 0 316594 258712 319750 0 0 0 0 98845 131847 0 0 0 0 0 0 0 179501 184060 337944 35917 374761 408521 301212 233467 59280 72857 19892 131260 477696 311902 261136
37183 201272 6435 0 0 0 0 0 0 0 0 0 234257 233160 269683 9974 0 0 0 0 190706 22747 0 0 0 0 0 0 0 0 0 174858 217867 42239 0 0 0 0 0 0 0 0 148307 431485 395846 0 0 0 0 0 0 0 0 0 0 358965 197988 488942 301639 0 0 0 396661 74033 0 224510 153529 429798 0 68044 2450 79890 0 0 0 0 0 0 0 0 0 0 0 270242 282576 289251 421418 361562 254473 219362 261639 238353 208191 24599 39613 336568
320355 34692 413955 179673 0 0 0 0 0 0 37900 97981 195484 0 0 0 0 0 0 0 4623 112000 0 0 0 0 0 0 0 0 45502 488241 352464 18570 0 0 0 0 0 0 0 261640 203058 101541 520698 66383 0 0 0 0 0 0 0 0 0 0 129700 185165 385910 397718 452722 60617 304375 353965 392 56756 263179 458315 336042 184218 253512 460599 326741 26174 0 0 0 0 0 0 0 0 0 204778 247860 20636 37327 11108 192109 0 0 0 14415 303536 234861 23753
332643 242963 403276 462311 0 0 0 0 0 0 274567 423780 0 0 0 0 0 0 0 0 45188 67358 0 0 0 0 0 0 0 19592 153277 162032 469757 457379 191179 172973 0 4117 132148 0 0 0 163828 284216 214444 333780 0 0 0 0 0 0 0 0 0 0 9642 77829 320380 630128 188570 255202 341410 260670 351754 0 0 202851 126951 0 0 157024 436920 430785 314210 104010 0 200118 36311 0 0 0 0 0 0 0 0 0 0 0 0 0 0 0 21071 198508
524785 483613 284375 513577 32158 0 0 0 0 0 0 229137 450674 367189 211736 0 0 0 0 0 30432 58067 120151 52396 0 0 0 0 39788 285616 243023 0 171405 313564 351102 206210 174119 378136 54248 0 0 0 0 84711 413360 362425 0 0 0 0 0 0 0 0 0 0 1570 364135 512364 422818 9659 299526 199328 464696 471156 144035 0 251582 323777 0 0 5662 188155 361288 373160 397138 319969 471124 187901 0 0 0 0 0 0 0 0 0 0 0 0 0 0 0 0 0
448862 490888 224002 328463 67221 0 0 0 0 0 0 0 34253 265450 275101 147821 0 0 0 0 163374 0 0 37785 177077 215328 81228 0 161346 99294 360103 219493 260713 210334 495015 170218 157621 58214 362266 37418 25598 43549 0 251348 319556 66196 0 0 0 0 0 0 0 0 0 0 88536 300008 333469 357300 95098 0 87912 318434 408366 220067 0 242445 371253 0 0 0 0 243523 458832 457808 390562 200918 415340 18138 39137 143902 3018 0 0 0 0 0 0 0 0 0 0 0 0 0
32793 338317 0 0 0 0 0 0 0 0 0 197945 361968 0 197067 299991 252676 34123 0 0 174913 0 0 0 0 0 148062 174917 167532 8202 0 229488 574809 141827 0 255471 42803 261505 316096 398869 209817 122286 0 98226 5225 0 0 0 0 0 0 0 0 0 0 0 142618 424882 397554 564983 127348 236998 286620 348570 316006 352308 268247 532697 503926 276027 174563 112740 0 0 125020 409790 405 224295 471960 404853 433646 420687 9944 82343 87269 323441 0 223813 190185 325 0 0 0 0 0 0
