variables_fires/int_cf_200.asc
ncols         1032
nrows         867
xllcorner     -13000
yllcorner     3990000
cellsize      1000
NODATA_value  -9999
[rows 260 to 311 of 867, columns 288 to 383 of 1032]
0 0 0 0 0 0 140045 67752 0 0 110692 362582 248111 285474 219077 58332 217201 282683 201975 41269 0 0 0 0 234446 370693 226598 276450 194726 0 303803 101582 272506 326579 300444 279523 107299 108245 0 0 0 0 60659 0 0 0 0 0 0 0 0 0 0 0 0 0 66848 168574 24857 0 0 121566 375374 429104 492991 506720 303474 248600 252177 0 105098 216806 445441 355948 191502 57936 19043 57577 168275 0 0 0 0 0 219865 0 0 0 0 39309 366178 91131 233918 113791 0 0
0 0 0 0 0 0 0 0 0 0 407588 242381 769 322195 209325 233884 181912 0 0 41606 349584 0 0 0 0 286753 199526 155070 336431 196475 396 272 333731 328824 220214 226973 101744 0 0 115330 0 256262 420741 398818 1218 0 0 0 0 0 63850 126590 101472 101787 13419 353689 467124 443888 452758 162708 26195 492592 525019 228895 352076 488446 282004 243331 478403 111544 249791 230786 316980 106718 76321 266245 91671 0 189002 200883 0 0 47093 274835 322918 0 0 0 0 0 231693 245988 0 197406 249579 178750
0 0 0 0 0 0 0 0 0 0 3660 464521 6177 0 90713 305847 404186 33666 6022 390465 10273 0 0 0 200035 131972 0 0 180115 434976 152344 0 143963 9697 0 0 0 116707 214302 322385 223402 15934 74072 4261 0 0 225329 46886 204207 19713 0 280624 428474 585671 433365 26419 172477 370263 26804 397585 252301 284156 445216 226323 308315 500409 94877 403310 21767 0 0 3007 0 0 0 0 201056 94111 87130 361268 96992 0 4097 364210 17086 0 265138 13153 0 0 0 0 0 0 1324 241975
0 0 0 0 0 0 0 0 586 0 0 302536 345154 0 0 29205 412552 396729 288187 454771 182347 0 0 0 311483 57 0 0 615 434651 0 0 0 0 0 0 153440 156844 0 0 132006 185810 0 0 0 301636 537612 305359 428724 442523 438429 369711 28149 350307 403936 280638 252312 195806 0 36553 220274 364713 51815 255810 280879 261542 469943 76438 0 0 0 0 15786 145941 0 0 0 521596 0 238304 348695 0 98829 406531 5 0 25739 3675 0 0 0 0 0 98226 231686 269399
0 0 0 0 0 0 0 76545 260618 0 0 200794 249167 0 8400 441039 271272 548162 485678 36598 0 0 0 64083 386005 17298 0 0 0 296796 378481 91 141088 220776 62021 113031 164344 0 0 2020 247821 152241 0 0 163512 83671 12239 6903 443257 15123 407836 267032 202819 42819 312674 334090 216817 242928 6950 246671 43940 322987 32147 390949 266162 0 44300 463385 14345 0 0 0 101867 87948 0 0 0 533514 7453 0 6531 0 93348 455734 131313 0 0 0 0 0 0 156636 109440 375734 9032 0
0 0 0 0 0 0 0 0 27382 0 0 169981 439177 0 424962 444298 246229 297984 6255 0 0 0 0 376049 395393 441 0 0 0 0 213672 450651 329364 215316 377244 244731 0 0 0 232791 470175 568890 411769 213600 208876 141665 456505 462697 214402 0 167166 75223 0 0 96245 225535 349457 399064 60874 422103 541359 179328 202099 30384 0 0 0 60452 238636 0 0 0 0 0 0 0 0 430371 90019 0 0 0 0 0 246791 0 0 0 0 0 0 315529 194949 270123 395902 259219
0 0 0 0 0 0 0 56960 388743 5737 28335 283101 402270 148556 388564 305805 339243 92415 0 0 0 0 33679 344390 59731 0 0 0 0 0 0 10253 445478 14216 276987 37461 0 0 0 428861 592919 364605 358074 356700 264755 394259 51911 6183 0 0 166764 56342 0 0 71721 244241 382898 361483 0 241225 78057 1188 0 0 0 0 0 0 0 0 0 0 0 0 0 0 0 216104 5737 0 0 129649 228067 149611 288693 15840 0 0 0 0 0 0 263837 0 43971 267023
0 0 0 0 0 0 1876 425607 58316 140561 148316 353856 551200 489485 252598 276814 511329 22615 0 0 0 0 215657 441049 103551 0 0 0 0 0 0 0 270319 362935 285286 368024 176861 0 191901 570108 61776 293983 267473 143468 0 0 0 0 0 0 217941 34433 0 26758 477758 145099 271748 405191 3034 0 114229 0 0 0 0 0 0 0 0 0 0 0 0 0 0 0 0 23478 328575 0 30998 249127 0 72402 279575 218655 0 0 0 0 0 0 243279 0 0 317161
0 0 0 0 0 0 306382 387345 301123 163535 201845 66178 464415 493107 344023 247253 265395 64571 0 0 0 0 426974 269494 204737 0 0 0 0 0 0 0 0 252460 345233 459840 369472 115807 272179 335967 265957 385922 410358 80 0 0 43689 0 0 0 323401 223858 2911 249068 219641 269482 70851 30539 66778 0 0 0 0 0 0 0 0 0 0 0 0 0 0 0 0 0 0 202416 553908 185857 26090 190976 0 0 0 251045 99790 24668 393746 356706 8091 181135 99751 0 0 262036
0 0 0 0 0 0 166280 274036 196094 419055 45186 0 176398 426321 142520 411534 405223 1271 0 0 0 0 307687 139759 0 0 0 0 0 0 0 0 0 50457 472171 583330 17435 439451 502675 255025 47894 195102 329482 199587 0 0 184427 0 0 0 0 57502 253120 601813 191610 228891 529410 243488 0 0 0 0 0 0 0 0 0 0 0 0 0 0 0 0 0 0 0 383984 162021 465160 0 215249 336141 0 0 0 368631 180284 441701 88462 259732 399053 235928 149217 137365 205625
0 0 0 0 0 0 268316 399334 21092 280076 90304 0 65396 415845 118272 387537 188530 88831 0 0 0 0 226317 51330 37658 0 0 0 0 0 0 0 0 0 325998 352587 357858 220111 146874 227452 263592 0 289979 292517 0 0 0 0 0 0 0 0 47475 300159 175864 328370 328938 0 0 0 0 0 0 0 0 0 0 0 0 0 0 0 0 0 0 0 0 269058 0 458439 95606 162330 368715 0 0 145052 178725 331240 382525 527542 670812 264702 214086 283429 93792 0
0 0 0 0 0 0 116240 0 0 1037 0 0 73817 14511 218436 464211 186228 109579 0 0 0 0 332591 130 338139 0 0 0 0 0 0 0 0 0 104356 328203 410191 292821 63764 269997 118056 0 0 456485 0 0 0 0 0 0 0 0 0 0 0 0 256736 35914 0 0 0 0 0 0 0 0 0 0 0 0 0 0 0 0 0 0 0 301863 0 310075 143052 0 181986 127634 0 968 344372 456387 310145 182201 294516 210342 230877 219248 414979 98345
0 0 0 0 0 0 0 0 0 0 0 188353 0 1342 255034 297164 298516 216640 0 0 0 0 133931 431465 274969 8481 0 0 0 0 0 0 0 0 0 172694 80214 0 0 249956 0 0 0 300416 236418 0 0 0 0 0 126070 0 0 0 0 0 8744 3204 0 0 0 0 0 0 0 0 0 0 0 0 0 0 0 0 0 0 4663 314012 0 26 249031 0 8582 440194 62291 170864 346694 449163 289693 607436 99132 299620 583778 393798 352398 261638
0 0 0 0 0 0 0 0 0 191802 398852 212714 0 0 31363 326254 599080 81614 0 0 0 0 0 323070 12896 0 0 0 0 0 0 0 0 0 0 0 0 0 149302 48471 0 0 0 10915 401757 0 0 0 0 0 0 0 0 0 0 0 233983 0 0 0 0 0 0 0 0 0 0 0 0 0 0 0 0 0 0 0 242081 92137 0 0 226818 310785 294488 238993 0 0 0 182758 486938 92844 10013 0 10917 0 28627 394831
0 0 0 0 0 0 0 0 84453 159750 238355 0 0 0 250392 235058 70315 0 0 0 0 0 0 350148 101875 0 0 0 0 0 0 0 0 0 0 0 0 7156 192032 0 0 0 3885 369369 258932 0 0 0 0 0 0 0 0 0 0 0 338889 0 0 0 0 0 0 0 0 0 0 0 0 0 0 0 0 0 0 0 312383 0 0 0 274035 321735 174836 0 0 0 0 0 32200 262520 460530 0 0 0 0 385027
0 0 0 0 0 0 0 0 229158 115397 0 0 0 166342 182978 242130 0 0 0 0 0 0 0 15205 327050 0 0 0 0 0 0 0 0 0 0 52642 20693 157827 7441 0 0 0 285838 123225 268902 0 0 0 0 0 0 0 0 0 0 0 299539 196538 6643 5772 0 0 0 0 0 0 0 0 0 0 0 0 0 0 0 0 328916 0 120321 0 262204 298854 0 0 0 0 0 0 0 70454 500891 0 0 0 44471 119303
15531 0 248237 121827 0 0 0 0 213976 189564 0 0 0 140906 233686 350312 0 0 0 0 0 0 0 239726 243302 0 0 0 0 0 0 0 0 0 164607 280092 279196 76033 0 0 0 90884 206431 0 375734 0 0 0 0 0 0 0 0 0 0 0 0 435370 264433 311142 0 0 0 0 0 0 0 0 0 0 0 0 0 0 0 0 274254 158354 351063 35303 0 343803 416947 4275 0 0 148733 178120 195707 33184 306647 519666 381582 179826 266920 406281
147358 21754 245269 48342 0 0 0 0 73402 186668 0 0 0 0 0 0 0 0 0 0 0 0 74760 416428 311129 0 0 0 0 0 0 0 0 0 213569 231401 195578 0 0 0 17579 266198 0 0 329938 0 0 0 0 0 0 0 0 0 0 0 0 340387 51497 0 212349 28006 0 0 0 0 0 0 0 0 0 0 0 0 0 0 327599 102831 340922 476791 329613 245214 314617 407492 0 0 254541 272543 335093 459757 80924 0 242849 174869 0 0
179016 220203 382243 31895 0 0 0 0 15650 132551 0 0 0 0 0 0 0 0 0 0 3195 109405 112836 0 54563 90571 0 0 0 0 0 0 0 0 129678 283191 0 0 0 0 218100 14834 0 0 311686 191381 2327 0 0 0 0 0 0 0 0 0 0 323257 0 0 204809 244836 0 0 0 0 0 0 217727 0 0 0 0 0 0 0 266159 383236 194723 154357 217117 225382 224428 276715 364088 402684 374089 0 205036 483885 58863 0 0 0 321018 285570
220796 791842 391653 333433 7105 0 0 0 154929 1381 0 0 0 0 0 0 0 4093 0 0 12566 1654 0 0 0 263584 122313 236277 49898 0 0 0 0 61640 382215 170624 27572 0 0 139631 158031 27102 51332 249346 151059 363799 7527 0 0 25160 0 0 0 0 0 0 100615 50880 313376 51568 23944 139785 0 0 0 0 0 0 82659 0 35191 115663 0 0 0 0 83867 226899 372826 382762 469013 399896 485820 183508 300291 62255 78433 223035 294995 138774 260563 229634 224395 235873 430442 263587
293928 544191 543400 111575 0 0 0 73841 204549 0 0 0 0 0 0 0 29 115239 0 0 0 0 0 0 152896 151867 376016 506665 79923 0 0 0 0 0 176067 0 0 0 0 174315 0 0 6194 73781 178778 169063 37941 12870 26532 0 0 0 0 0 0 0 150345 62204 94018 330606 407695 345444 389038 8259 0 0 0 0 0 0 170223 73245 347415 234760 308542 160808 312489 268718 575638 414750 275236 322020 245679 0 315648 1431 216750 437982 125468 498600 25533 0 129148 515856 509794 492497
92589 151639 189282 57717 68323 6520 58296 197256 89071 0 2954 0 0 0 0 0 0 0 0 127859 79345 0 0 36469 155997 64228 426051 318872 275657 0 0 0 0 100 236993 10048 0 255250 237237 0 0 0 42411 38512 0 171258 98132 4547 53178 0 0 0 24571 0 0 0 119412 59702 90584 0 59092 113807 64962 19906 0 194730 174160 244163 182560 74849 0 112972 348294 12460 211764 320580 120089 272856 536939 174008 137690 303039 211956 123741 142880 127703 342703 341661 264989 340231 409314 68491 0 5484 227693 143934
156554 187610 392209 432184 262493 198840 286647 155507 0 0 35101 178513 329707 264070 288409 298624 321613 248673 311279 185746 102719 192898 157516 153860 0 0 20881 295756 321414 0 0 0 0 0 35397 0 0 237546 3473 0 0 0 0 0 24678 92352 36655 6282 0 0 0 0 0 0 40041 206480 23398 0 40791 0 75968 89664 34069 0 0 7940 47 0 0 0 0 110285 376015 93349 113956 281913 460360 103271 325510 90581 59466 94233 280924 369842 117936 266220 163589 244119 457175 8883 230338 262371 0 0 0 307961
151470 263039 456719 191166 208759 276777 39940 0 0 0 0 0 135227 14939 122057 116918 315171 249598 105453 0 0 4 0 0 0 0 0 38419 104048 0 0 0 0 0 0 0 89536 46213 0 0 0 0 19405 106080 85639 95350 0 0 0 0 0 121889 47094 135310 127697 0 0 0 0 9310 79392 44641 0 0 0 0 0 0 3003 273565 306371 493764 269103 181740 244276 439317 405858 361270 357039 240758 9301 0 82563 394405 161 66585 342212 187050 276386 0 80189 336023 134851 0 0 102292
0 338614 607176 112996 60954 4320 0 0 0 0 0 0 65782 87805 78227 213007 80221 0 0 0 0 0 0 0 0 44 0 69102 138707 8343 94668 6477 0 0 0 7441 188889 0 0 0 0 0 73381 0 74117 38280 123068 0 0 42069 37937 81730 38795 105091 27 0 0 0 0 694 201603 35064 0 52 2287 194664 105514 172216 293299 214727 621298 635244 603337 622226 311326 28131 273067 345285 551060 237735 252501 62131 58735 2689 24415 0 82359 318976 305589 39938 0 99301 420387 0 0 0
9935 210268 524629 111213 0 0 3160 29489 0 5266 17310 156224 210184 25040 136508 41343 0 0 81554 1096 0 0 0 0 0 44372 60368 88563 329280 23580 102 0 0 0 0 1209 893 0 0 0 0 0 0 0 385556 0 0 0 0 18188 144805 0 15727 95858 11362 0 0 0 0 210343 359782 191271 344229 436837 456544 300069 269920 36935 409581 510768 391546 115513 183200 541596 479067 417527 320954 192014 346414 325023 202164 0 0 29868 0 0 0 646 316513 217314 327074 317700 235 250451 0 0
8680 122776 398293 345181 37972 0 562 200504 167017 184723 327944 104703 37659 296958 13188 0 2219 125975 74258 0 0 48710 70955 2825 0 45578 157651 192960 392535 125000 0 4232 0 0 0 0 0 0 0 0 0 0 0 168470 510439 55218 0 0 2379 231240 14146 5836 0 15270 0 0 0 0 42299 461814 593377 567950 554546 380175 461386 577361 287091 69980 17994 368969 594564 182931 221823 448491 281935 483028 144994 177738 448143 454324 246687 0 0 0 0 0 0 0 36741 0 1047 520110 310183 403020 2896 0
32201 209363 167360 419223 14459 12552 0 59015 242218 148089 66186 0 201983 177074 0 0 0 7390 0 0 230118 566281 364017 110122 169993 0 29199 97266 91172 256158 214652 157219 0 0 0 0 0 0 0 0 0 22225 128766 340500 28146 1170 0 0 171974 86628 36218 202875 0 0 178176 43750 36680 67698 119648 310042 336449 351393 684238 663416 401153 551866 497556 62744 39520 134974 9240 299775 261923 51111 263361 111425 122547 196371 218882 217102 381073 0 0 0 124221 0 0 0 81652 24692 1298 51248 369297 360022 3849 0
272738 224375 265576 219425 47081 39901 0 65316 91936 2466 10371 187165 94313 201 0 0 0 0 0 0 67992 71538 262102 79386 0 97935 93552 0 89146 58249 100121 295095 0 0 0 0 0 0 0 0 46739 78700 0 143892 0 0 0 0 0 0 18265 15160 4257 55091 370513 120229 47644 248494 151570 131981 316939 106670 466140 602240 186414 260836 273963 0 0 0 3326 66345 0 0 13315 405261 176134 96665 338823 377589 389152 214957 55892 40556 0 0 0 0 69966 354259 109744 34674 117438 273630 254405 0
276193 0 0 310999 343106 0 0 0 0 11040 299818 157370 50205 0 0 0 0 0 88306 84471 336180 266658 15599 0 0 81637 0 0 16144 24521 67529 169097 192350 148669 0 0 0 0 0 0 14674 193854 267467 412128 66958 12970 0 0 0 0 4920 39527 35289 0 0 65118 91669 24278 60620 143690 190 35668 35944 210741 229970 234900 338513 0 1771 16618 0 0 0 0 55919 470730 0 244498 469250 372817 186643 260870 26430 0 12733 24340 0 0 51841 99659 26715 72601 0 13254 511791 270351
210052 0 168170 122524 32018 0 0 0 0 0 10100 2330 0 0 0 0 6226 96497 28339 100398 122591 0 0 0 0 0 76985 0 71412 0 0 0 200339 447711 146624 0 0 0 0 0 295979 337986 238046 112096 172051 26953 160119 3812 0 0 0 0 0 0 0 22330 0 27117 158798 28372 0 85590 0 109799 0 48376 276513 0 155923 18771 0 0 0 0 2052 104093 37961 466692 268551 458622 30069 192241 188129 0 0 0 0 0 0 8743 134714 100113 0 25582 277572 347562
299133 0 322920 281383 0 0 0 0 25890 37625 11553 0 0 0 0 0 0 8094 218698 165836 0 0 0 0 0 90236 65581 0 95381 0 0 0 246 1135 58087 60267 0 0 0 0 0 0 0 0 21977 199625 165801 0 0 0 19067 0 0 0 0 0 32036 161124 46552 0 0 1024 0 2379 0 207494 35691 18941 219947 0 0 0 0 0 39130 126270 96695 339009 329021 364132 24107 0 237222 0 92558 0 0 25652 24013 0 61033 189420 0 68570 240431 84595
283775 0 241596 362034 0 0 0 0 24729 47731 329304 108164 0 0 0 118905 297199 227187 178540 0 102950 89436 107691 0 0 0 0 0 70824 120730 0 0 254832 148249 0 0 0 0 0 0 1226 0 32468 0 0 209878 325718 3 0 0 11870 0 0 0 0 976 155455 76704 0 0 0 0 0 0 106502 19793 241799 292451 212279 125141 133882 20445 0 0 162715 19889 103338 532268 201568 179979 0 0 249948 3977 0 9764 0 34729 227792 132293 78503 70934 0 0 270348 0
291272 0 277784 184798 0 0 0 0 0 40156 253166 140269 0 22946 212612 200260 281353 9821 38705 0 17307 22302 149367 0 0 0 0 0 91151 312964 0 4434 428474 162968 12192 0 0 0 563 114982 370559 86021 0 0 24058 239438 0 0 0 0 0 0 0 0 0 10270 121261 0 0 0 0 31026 0 0 127208 0 110946 136820 256216 133341 0 0 0 0 9232 171345 0 216862 342141 0 0 0 292598 0 0 0 38790 0 58612 228382 5514 0 79523 0 163510 70249
267319 0 63942 166291 0 0 0 48911 276156 475735 81410 0 0 0 387573 534443 483941 336254 57239 137182 148308 130136 66462 115048 0 0 0 113573 112676 6532 0 54103 299918 26697 0 0 0 0 245572 223786 232417 4314 0 0 40072 132782 0 0 0 0 0 0 57539 11749 0 0 96037 20869 0 0 6555 0 0 39469 61597 54382 65037 0 115067 330623 0 0 0 0 0 104975 0 390733 15576 80859 0 729 313184 58371 0 0 0 0 141734 196552 44147 0 168185 0 238030 30184
297839 265884 213213 23302 0 0 0 124074 266214 154513 96307 0 0 0 73559 15222 189494 125985 0 0 129361 537893 452851 58321 0 0 76672 182266 149986 0 0 0 380257 79979 0 0 0 0 213597 372383 103121 0 0 0 0 94300 0 0 0 0 0 45178 410504 368683 59996 89066 92174 0 0 0 0 0 0 105985 12110 65130 0 53074 408861 147584 0 0 58991 0 0 56510 45783 480427 286501 397850 515 99778 324618 82686 26596 12938 0 0 12665 30838 95771 8564 836 0 183455 93892
160136 345804 288471 0 0 0 0 12591 219606 362069 183066 289748 0 0 0 0 254068 238111 68537 26617 3 8971 0 0 0 61678 222898 16 66643 0 0 0 47401 31099 0 0 0 15010 421688 51455 721 29196 0 0 0 126942 91798 31518 55275 0 0 150841 384689 355813 451452 189816 49321 16531 56502 121639 52302 0 0 12753 70372 0 0 325496 302692 0 0 0 0 0 0 12431 130132 593529 123807 190605 237069 0 386128 529484 240601 0 0 0 0 53225 5376 72728 0 0 49971 363926
216666 212410 387780 71333 15391 0 123095 246162 11149 255754 51994 437654 25725 0 0 0 49501 71226 9447 42745 0 29816 929 155274 150257 75985 63805 0 0 0 0 116637 349318 218094 17478 114183 2192 0 87517 0 0 63997 0 0 0 28711 50233 230480 0 0 0 0 0 18701 87789 155504 107691 0 60990 86906 10451 145890 0 10080 129711 161097 9856 315717 159185 0 0 0 0 0 0 46275 50780 105378 6514 354253 234752 0 297306 269427 190687 0 42668 46967 0 65604 99492 165878 70466 107146 0 164775
73364 373131 565595 460949 7549 343692 144075 274099 7796 168683 387801 350208 23645 5393 0 0 0 0 0 0 124192 6674 26711 14473 0 0 0 0 0 0 76107 142639 3056 298273 303361 11663 0 0 0 0 0 0 0 0 0 104739 162338 330150 3432 0 0 0 70172 109639 263000 250575 76782 356977 207456 195385 271035 134264 9986 58859 106466 85525 8775 5124 358545 0 254451 76336 0 0 0 4324 172 0 145800 475025 201721 0 231272 171472 86544 0 0 25544 90392 12503 35743 154261 14322 0 0 56980
7 200403 422064 254969 114616 181896 31384 126296 249244 138125 441637 202843 211216 107019 81050 0 82372 296642 162424 0 0 0 0 0 0 0 55036 73740 0 54496 245272 85021 0 0 142743 243677 292643 0 0 0 0 0 0 0 0 0 14806 168761 351314 0 0 0 34564 73115 287236 32725 1245 386898 147939 218214 349145 212098 9359 39191 81102 0 412011 48284 285088 0 165915 302128 0 0 45983 0 65476 74745 232364 359504 1095 0 128262 94723 23113 0 0 0 238357 1161 0 38693 0 0 61979 516790
36275 323721 201442 164322 50572 0 51181 0 37460 199290 75241 99551 110495 119634 30602 0 120154 374250 607067 14630 0 0 0 79807 11511 546745 658257 469598 60894 294616 181415 0 0 0 0 203020 313915 0 0 0 0 0 0 0 0 0 273137 522328 405945 53128 16191 55057 2700 0 4692 66119 0 117788 118117 132347 63883 60630 0 187112 3506 170 85434 102845 303563 69364 278580 525 0 0 1389 4416 290391 30155 387705 76075 0 0 214679 152891 5695 0 0 0 277596 79130 0 0 0 195338 304110 95320
308666 209147 0 0 0 57252 418872 0 12684 137444 112752 96388 24523 199063 273225 319658 12861 169370 367352 176857 0 0 0 55360 143519 548917 134655 216626 553422 326424 0 51792 92533 113585 0 100018 396073 79165 0 0 0 0 0 0 0 75382 121637 57302 300780 0 0 125208 13500 0 14257 46559 67865 26610 102735 0 0 13629 47831 146741 0 0 18215 121114 507247 963 0 0 0 0 0 38150 207691 122330 143809 291151 0 25822 366206 121964 108060 169387 134157 0 34364 76939 122785 0 0 414197 190222 18371
0 0 0 0 0 0 0 0 0 0 0 0 1696 261635 71120 233789 187985 138737 323634 218739 0 11955 0 37953 134072 536516 599430 486043 21021 185001 234295 0 1504 32508 0 107856 141816 62705 0 0 0 0 0 0 37186 53399 78104 35679 61359 0 15841 103818 89785 7773 0 0 22597 17703 29398 0 0 126492 322067 103595 0 0 57135 20702 63556 4460 15558 0 0 0 0 0 120935 30365 78943 343602 2914 199622 145161 109492 244744 237971 30513 61805 38145 115009 8872 0 0 294871 261859 6552
0 0 0 0 0 0 0 0 0 0 0 0 0 0 185477 134638 122991 69357 145147 161987 99000 160484 175207 132361 156390 50571 323626 290024 68255 245367 42879 0 94231 12797 0 0 20184 92933 0 0 0 0 0 0 20467 0 205242 345919 0 7367 0 20884 94432 9885 0 0 0 0 0 0 30 110751 35325 0 0 0 142430 318567 3065 0 0 0 147247 0 0 0 0 0 0 42273 305560 323756 79162 0 3344 147786 41776 30850 0 0 0 0 0 0 45255 29093
0 0 0 0 0 0 0 0 0 0 0 0 0 0 18864 242898 411154 0 0 0 0 0 16219 265960 145191 0 0 8136 26946 0 0 7342 13761 0 0 376 253442 405766 148564 0 0 0 0 0 0 0 217192 123163 0 0 0 0 0 0 0 0 0 0 0 54511 167056 3292 0 0 0 46004 453792 45447 0 0 0 0 130054 0 0 0 74060 59494 154850 275577 376653 271762 0 0 0 0 79008 55422 0 0 0 0 0 0 0 0
0 0 0 0 0 0 0 0 0 0 0 0 0 0 25393 344866 188833 0 0 0 0 0 121288 141219 43028 0 69201 0 320421 27355 0 126701 314850 348176 0 0 32367 140 410726 0 0 0 0 0 0 21075 85058 83234 633 0 0 0 0 0 0 0 0 0 0 17000 45421 0 0 0 39302 108801 13282 0 0 0 133699 185293 0 0 0 0 25589 140305 449398 366228 335703 237979 0 0 0 80865 139852 86894 84309 0 22449 0 0 0 54675 409744
0 0 0 0 0 0 0 0 0 4090 0 0 0 0 5635 61117 225840 135726 0 0 0 145680 60590 45352 0 52908 78257 0 0 0 0 199615 276330 28993 964 0 0 0 216905 0 0 0 0 0 0 84521 0 102640 64766 0 0 0 0 0 0 0 0 0 0 0 0 0 0 0 73868 0 10410 0 0 0 0 55270 0 0 0 104827 170776 247654 662181 252066 319771 112012 0 0 0 179174 80627 0 0 0 0 0 38576 27588 30023 261160
13722 52630 50634 6761 14789 0 53218 105598 128185 73506 0 0 0 0 16854 176093 0 155371 207171 0 0 229532 0 0 38210 1559 0 0 0 0 177219 379850 468386 291410 164996 0 0 0 62345 0 0 0 0 0 0 64239 0 75516 90802 0 0 0 114221 20871 0 0 0 0 0 0 0 0 0 58474 56110 0 1383 0 0 4175 0 0 0 0 0 260966 221917 84667 535400 337258 542502 4757 0 0 74 32041 0 0 0 0 10217 93644 29351 0 0 15332
26318 154690 113047 692 421867 0 157035 0 0 0 0 0 0 0 11632 62620 0 0 43228 85570 48221 54849 0 0 0 0 18339 49546 70129 46940 434424 83704 11694 78112 0 0 0 0 13024 80335 18063 0 0 0 0 0 0 85841 22627 67587 0 0 0 0 0 0 0 0 0 0 0 89483 81193 68172 0 0 0 0 0 23720 0 0 0 21392 13562 28223 302740 128686 395692 49396 175392 0 3116 2347 315903 458546 146004 22146 0 0 22457 77349 0 0 0 0
0 197282 224120 409889 390618 128380 163288 42353 0 0 0 0 0 0 0 310285 2398 22469 16252 22798 0 0 0 0 0 0 74000 0 0 0 334871 0 0 215306 288345 13697 0 0 0 0 19575 0 0 0 0 0 30326 161446 0 113377 0 0 0 0 0 0 0 0 0 0 74739 99211 11931 0 4518 61222 0 0 0 0 0 0 0 14493 17071 89312 449535 66387 266657 29788 229151 3455 141064 185384 431061 507052 510943 294727 43929 0 0 0 0 0 0 29605
254668 110521 108472 418979 1998 0 0 152458 138146 0 0 0 0 0 0 0 0 0 0 0 0 41388 0 0 0 89639 214677 0 0 0 0 0 56931 94331 57552 30604 0 0 0 0 93198 0 0 0 0 0 82963 55778 81845 41677 167474 107056 13556 0 0 0 0 0 0 48282 40442 0 0 6 82237 40542 141404 109182 61308 0 0 0 0 6499 41019 20967 231078 45968 10880 122369 200359 154726 138467 264851 116732 154527 14784 0 0 0 0 0 0 0 0 50804
197021 2426 37618 117164 0 0 0 103080 60208 26303 0 0 0 0 0 0 0 0 0 0 193663 99557 0 0 0 0 0 0 0 0 0 56090 290456 0 0 102209 2748 0 0 0 64089 0 0 864 23817 47291 54084 0 92136 0 79766 0 0 0 0 0 0 0 64460 56812 0 0 0 135909 72468 1924 37766 110581 36419 78059 68289 9334 0 131898 62277 20333 184565 0 57943 8126 163480 153847 0 232008 193862 326996 207223 0 0 0 0 0 0 0 0 11644
