variables_fires/int_cf_200.asc
ncols         1032
nrows         867
xllcorner     -13000
yllcorner     3990000
cellsize      1000
NODATA_value  -9999
[rows 572 to 623 of 867, columns 480 to 575 of 1032]
0 20094 5129 0 0 0 0 0 0 185078 229999 257578 565060 595322 392243 318468 131628 107636 0 0 0 0 0 0 0 0 0 0 0 0 0 120 333930 15191 0 0 0 0 0 0 0 0 0 0 0 0 0 572 361036 366973 308773 218917 460614 386305 294243 247412 145630 134536 241112 309447 229227 231570 120104 0 0 0 0 0 46741 376158 243690 253205 495843 174407 237327 510000 290670 327443 422977 337261 0 0 0 0 0 428694 0 0 235115 148724 155939 244726 260948 172196 5927 300827
289898 173827 10052 0 0 0 0 14246 277676 292422 472266 696300 794773 419449 349968 499589 151963 112142 0 0 0 132443 103593 0 0 0 0 0 0 0 0 0 0 0 0 0 0 0 0 0 9580 12908 0 0 0 0 0 0 59852 297797 506466 487538 314133 175417 224162 355948 32327 300525 0 0 0 0 0 0 0 0 0 0 0 87506 122553 213488 442103 226237 255494 408317 529697 249814 297075 291629 58694 237431 150763 61806 392180 627592 101314 270524 184297 102978 253763 434752 149105 334685 446174 607927
223360 125310 1016 101708 252000 0 0 6456 295562 544669 387399 547694 252088 258144 227508 1448 171775 392842 0 0 0 39158 327964 1328 0 0 0 0 0 0 0 0 0 125896 245515 174450 99994 0 0 2014 302426 271602 228335 0 0 0 9867 116340 4576 101004 418421 296578 1190 0 246849 363493 344912 282753 0 0 0 0 0 31142 109178 227334 263244 0 0 0 0 0 6634 227062 343 21219 195020 245200 316579 349496 441082 206235 328538 311335 490339 511044 210014 310105 162968 0 298381 410003 0 433742 292977 358860
955 309523 58904 344926 264440 1339 403 205104 213914 271315 548034 566381 221104 0 93237 226172 0 0 0 0 0 0 62423 0 0 0 0 0 0 0 0 0 0 0 0 30369 177237 343885 316824 244831 293288 253382 124194 0 0 0 36898 230048 31787 49397 262180 0 0 63053 381467 210040 79964 411595 36819 0 0 0 0 423539 307407 265018 220528 0 0 0 0 0 0 0 79340 467012 512443 316255 534895 395195 34257 250718 308438 162128 343802 162104 93716 70409 480440 230346 394314 221196 296501 655972 539017 525204
0 0 0 31198 326315 462538 403606 534860 554725 331219 28638 169544 339920 200729 106774 382012 77873 0 0 0 0 0 0 0 0 0 0 0 0 0 0 0 0 0 0 0 196075 462679 349269 497343 78842 0 0 0 96118 319229 0 379148 327654 332996 138892 0 61605 333363 366650 402221 111526 403724 548138 56769 52242 206009 327451 319551 546467 14905 0 0 300519 117310 0 6693 0 0 166855 367659 288343 216533 532329 237747 0 199235 281748 210511 424018 57286 0 0 120597 601237 567998 479593 539714 528960 293269 74848
0 0 0 0 0 88245 360164 262057 232111 217474 323266 216029 248302 15800 0 0 0 0 0 0 0 0 0 0 0 0 0 0 0 0 81718 92580 93375 0 131858 112036 296822 267130 431066 87430 0 0 0 0 297708 400492 353934 29281 322006 459604 291194 300278 337607 312509 445025 187923 0 459242 328332 150141 219936 300262 309471 312608 104471 226376 281094 246103 0 0 121790 387630 282569 222856 309762 251968 399790 295203 259982 237961 0 0 344323 418542 380548 333659 271923 266441 230706 229669 465809 50044 214299 315239 358852 341705
0 0 0 0 186477 467180 261488 324941 222275 307612 87423 2697 119580 590757 7775 0 0 0 0 0 0 0 0 0 0 0 0 0 0 0 0 0 134120 668814 643622 320231 180298 247568 268271 198865 0 0 0 0 132667 378812 199742 0 104825 168754 21324 0 334176 276706 294928 0 0 49490 362401 278366 286246 464702 181479 283827 221344 26508 283027 3511 0 79193 66292 239697 0 0 266563 304003 316896 250601 378740 427186 357532 161380 316905 161248 487293 532797 295363 231208 349328 62889 162558 419209 320462 394543 433332 343052
0 0 0 0 172450 321138 367256 226103 250535 250534 78158 4855 182025 170264 97215 115837 192206 448913 164914 0 0 0 0 0 0 0 0 0 0 0 0 0 1710 186353 426984 453326 102324 0 0 128790 385500 94610 74521 82721 93533 72719 0 0 0 0 227143 151575 346445 269445 10183 0 86612 363513 111467 328472 299272 247021 145767 129372 0 238100 210557 149058 121554 39725 144292 173953 73801 0 126859 295238 228608 435383 133652 574136 246803 100579 64406 438496 25051 147976 509461 206837 0 0 0 0 253094 327754 644014 483280
0 0 0 0 0 0 0 0 0 0 0 0 233989 289427 247194 133631 275407 215292 562208 419284 72218 0 0 0 0 0 0 0 0 0 0 0 0 0 0 163493 43927 260525 350874 560947 457256 0 0 0 32894 0 0 0 10975 407185 406403 316858 396161 224536 0 239422 371224 179056 43111 181967 398422 222725 201729 260458 299386 129162 126713 346134 342270 109913 40077 136502 338957 9620 0 346664 35859 51436 393653 454308 96997 0 0 166469 477636 292861 115862 394050 3673 0 0 0 38891 422902 330456 275446
0 0 0 0 0 0 74358 263406 234710 230729 273837 379862 496866 61295 207210 151924 217910 133716 85502 104911 114969 0 0 0 0 0 0 0 0 0 0 0 0 0 0 0 0 313320 322729 397255 555540 66946 0 0 38865 6911 0 327 482396 393632 11102 43228 128157 168202 13179 329803 4419 81 112287 416556 458905 331076 134128 99177 214805 126895 0 211497 226917 62685 0 0 344841 39 134784 201627 0 85666 295444 158279 309634 0 0 0 9148 567341 534620 228501 0 0 0 271403 192084 367035 452087 402928
0 0 0 0 0 0 147404 232309 318152 250012 154494 54888 283260 161449 13219 82133 66429 0 0 9881 108446 255672 66823 0 0 0 0 0 0 0 0 0 0 0 0 0 0 72297 336849 172434 426418 135744 100506 131839 103059 0 0 0 47828 123196 122197 0 0 96435 435320 263952 0 350505 350970 245595 1902 3548 2066 292991 177734 113552 126279 79136 94537 128658 330950 341995 222538 369907 251657 0 239794 149262 14324 1108 433366 0 0 0 0 72981 98446 0 0 211926 243774 351534 434234 340053 136810 86549
128469 5558 0 0 0 0 0 56563 4 0 0 0 0 0 5349 0 0 152765 97062 384328 319047 63483 267397 0 50869 36949 0 0 0 0 0 0 0 0 10648 228838 127891 191698 527198 385264 284883 35887 26099 629956 428397 104867 4834 73760 10226 124996 103019 153836 48743 0 531566 212567 253909 344620 334930 377066 130212 982 421682 84029 157489 462260 476066 368084 355785 433688 282630 621474 422311 461327 339505 258704 76857 0 0 0 480988 64489 0 0 0 0 0 0 122205 439593 379095 296216 126037 0 151259 330665
400841 402976 192606 286274 189267 215804 190848 10799 0 0 0 0 57652 404726 413912 44556 355966 237173 0 0 0 232949 61454 224868 339616 0 0 0 0 0 0 30316 101567 0 131926 491946 417286 489417 509232 373145 0 0 11882 269624 347310 102203 0 0 242781 102300 0 0 79836 261871 599189 359518 440871 387742 225876 82504 31489 203847 262042 345437 296684 284010 220499 155733 291424 291708 388853 312419 305403 130955 131366 7275 0 0 0 0 397908 487693 64256 0 0 0 0 82904 479434 355780 346338 295636 70977 183491 446326 209061
1459 28235 83994 59977 247865 13904 235235 455454 345399 0 120363 252575 252591 410847 220678 121049 356877 317584 0 400270 44168 0 157678 356864 55022 0 0 0 0 165468 357746 234897 127532 0 76912 357007 307691 323477 475400 682 0 0 0 247218 105926 0 0 5358 104886 198352 21745 0 0 25295 639021 46924 44147 0 0 0 0 271475 286949 91734 0 0 145457 133497 43647 94491 398141 53603 186211 343047 124896 0 0 0 0 0 440585 74539 406439 416949 2825 0 0 492225 525238 349596 247218 262382 277648 377472 11085 0
0 0 0 0 4055 596 0 0 60712 0 0 0 0 0 128214 316256 26278 86709 0 214670 217017 362171 530539 424313 362851 276701 0 0 0 393710 299242 226279 61263 0 96780 278730 351459 442919 308553 0 0 0 0 0 0 97232 351756 418089 153412 444995 302765 111128 255245 424179 606438 4458 0 0 0 0 196206 530814 391639 30111 0 0 60326 3533 82615 20465 315002 248427 303914 283772 451816 160 0 0 0 0 364352 140103 0 169109 56040 0 30177 462046 89623 271178 247420 418795 446399 1919 0 0
375620 386876 331405 354865 491115 197979 0 0 0 0 0 0 0 0 103651 276507 57573 452910 343876 323206 241119 222238 430547 351187 104924 27387 0 0 0 0 0 32070 89499 76107 29655 55208 474772 496838 128946 0 0 0 20886 105908 90372 217836 338378 116583 458876 76249 266293 0 290523 526191 46487 93256 153028 0 48985 279367 493910 20857 0 158203 299282 130335 90382 351 238689 239637 240853 153152 317235 0 58586 0 0 0 0 0 44218 152527 0 0 0 164867 428146 162261 0 0 123791 325706 226685 192073 0 0
453810 306777 443998 411384 307124 215725 337059 241194 341101 179968 23968 237938 79816 0 0 16290 431538 77004 154995 346717 549030 13645 0 62799 324917 415404 269368 0 0 0 0 120995 0 0 0 155691 277541 30330 0 0 0 0 0 163801 439077 234971 0 160654 146925 106931 293449 0 408126 505620 405304 129475 31972 267777 283497 108751 241763 0 0 0 413426 252194 172188 122742 253845 264385 156987 0 0 0 0 0 0 0 0 0 0 0 0 0 0 84629 141813 0 0 75100 628897 206269 414709 140673 0 0
127032 256816 344267 141088 0 0 0 112340 42321 73862 34473 402259 190285 0 0 70168 454598 347375 462219 394087 120631 0 0 0 104422 118606 88781 73316 0 0 23286 118334 0 0 0 0 0 0 0 0 0 127297 232671 302213 344644 504960 251081 292121 84917 236457 424163 430123 312686 276947 303293 185401 353180 210027 28664 232403 475991 460882 200752 42800 246386 467671 194286 20537 205324 342473 264603 0 2000 13376 0 0 0 0 0 0 0 0 0 0 0 0 9223 220747 578034 465904 106307 302046 206812 186575 246805 242093
0 0 0 0 0 0 0 0 0 0 0 0 0 0 0 0 0 0 0 103055 206711 319140 0 0 0 0 0 95979 82478 7406 132583 0 0 47985 216751 0 0 0 0 0 7174 347969 159996 0 68292 379186 451520 4615 0 74547 114740 227894 397200 131417 23667 164422 198126 460026 371004 297438 420493 45766 0 0 0 259146 321733 259009 226210 114211 129861 0 159972 443109 41316 0 0 0 0 0 0 0 0 0 0 211661 575578 359351 31495 0 292979 13956 0 170163 353042 318230
0 0 0 0 0 0 0 0 0 0 0 0 0 36734 112090 7127 60875 0 0 0 0 0 0 71475 304766 31922 0 4999 149321 212654 212694 23237 153818 333608 348369 0 41374 64781 0 0 29367 191062 0 0 0 324005 340934 218989 165286 5750 173322 317895 578166 0 0 0 143939 583340 504519 368085 135119 0 227991 77973 0 385819 308324 301541 324650 212998 0 0 0 188312 54876 0 0 0 0 0 0 0 0 0 0 0 0 0 0 0 251351 82121 409991 453076 0 0
0 444692 87378 0 0 0 0 0 0 0 0 0 171514 234616 278132 569618 407865 285936 4139 0 0 18290 233694 296384 322003 247698 343921 414613 509678 439579 260542 335972 152336 381173 267984 232360 429691 304990 103325 267109 271538 366203 185983 0 7059 290033 0 0 383804 179957 387041 313757 55044 0 176893 274505 439077 533775 365713 516660 170706 0 290708 261481 0 37234 0 0 0 311136 125821 0 0 0 0 0 0 0 0 0 0 0 0 0 0 0 0 0 0 0 51030 276768 369431 107302 0 0
0 36582 406833 461280 248732 5015 0 0 0 0 0 0 208681 286015 255610 233310 42573 379699 24297 0 60861 456680 298451 249114 95655 0 13145 370033 367357 192597 0 13352 319234 431411 277423 226326 139638 8 246067 149751 493084 390791 355657 0 0 220860 0 326796 409771 130558 294239 361 0 0 236018 198296 133485 111833 225579 35075 107370 157600 384866 165326 0 0 69170 92520 88172 160957 134209 0 0 0 0 0 0 0 10009 278710 380803 293 0 5182 178295 212060 136248 276965 375592 0 0 0 0 0 0 280050
452585 351905 350859 425308 230392 444375 1321 0 0 0 281664 219753 219693 157844 0 17074 188373 239031 269226 226292 213506 244790 299142 260224 6496 0 0 42792 113342 275848 229267 0 462849 232636 291972 113678 360955 453405 274821 62201 299616 0 0 0 0 210085 368384 367728 0 0 0 0 0 139132 171299 404136 380458 75677 72 0 62204 154917 123034 188124 124477 98084 45402 247165 329611 315974 267231 0 0 0 0 0 440 445368 492636 29752 96689 461019 303792 293937 169413 120824 261690 205935 82993 0 0 0 0 0 200356 294972
499415 353171 363748 89707 485270 447101 380413 220508 237132 231756 48179 0 0 0 0 0 0 0 180373 230437 26858 229423 364742 253296 183632 0 0 2431 256179 442483 220794 11654 287973 372437 538001 351336 173998 2054 25299 353176 379647 14307 0 0 0 0 0 0 0 0 50 313512 243696 347624 364089 291581 258836 536671 48794 7822 5251 106793 375055 106292 314779 151359 187180 272393 206374 0 0 0 0 0 0 0 0 70004 385742 107977 140699 234642 121440 0 0 0 262392 0 3125 0 0 0 0 0 140358 239159
150129 0 0 9346 359012 60462 252619 0 0 0 0 0 0 0 0 0 0 0 0 0 0 845 138013 0 0 0 0 86 415671 250315 7026 24648 247297 331577 76444 256178 474470 100783 101646 302038 302242 4177 0 0 0 0 0 0 0 0 409699 355837 420753 260249 251938 552594 500499 248953 0 318078 303213 386233 266553 242815 189009 157033 192124 304147 0 0 0 0 0 0 0 0 0 149342 405240 216294 189328 193378 475095 346994 241008 271932 108152 15400 499073 399216 217735 0 0 0 48752 419806
338805 287988 230868 221079 55146 334445 132035 0 0 0 0 0 0 0 0 0 0 0 0 0 0 0 0 0 0 0 0 0 114300 463350 90577 0 0 0 0 0 215950 208601 454447 410186 431082 32186 0 0 0 0 0 0 0 0 185928 226554 210853 360137 138404 258727 458124 156568 463060 448057 540183 248106 426967 485546 419757 42051 81134 279176 0 0 0 24457 240327 134623 0 0 0 0 6620 0 0 216074 428361 405622 385624 83419 0 0 65766 181305 9310 0 0 0 338265 251332
386550 63347 26234 0 0 0 0 0 0 0 0 0 0 0 0 0 0 0 0 0 0 0 0 0 0 0 0 0 0 123692 387 0 0 0 0 0 0 0 144847 93892 497379 65432 0 0 0 0 0 0 0 0 0 0 391144 136579 0 0 0 0 366673 534207 444460 485474 159286 118350 224661 282458 247614 32120 0 0 0 237274 428958 457582 224372 99798 373256 1233 0 0 0 401552 412890 0 0 0 0 0 0 0 0 0 0 1722 9110 105943
13700 187028 356286 0 0 0 0 0 0 0 0 0 0 0 0 0 0 0 0 0 0 0 0 0 0 0 0 0 0 0 0 0 0 0 0 0 0 0 0 0 3283 0 0 0 0 0 0 204059 309128 55091 0 258813 481904 264111 0 0 0 0 193546 457229 339903 386697 477255 165574 85755 0 0 0 0 0 0 0 67264 292503 292879 229050 397809 60311 2517 0 0 236605 247971 0 0 0 0 0 0 0 56009 272721 347202 499460 428156 350877
0 376562 420909 102461 0 0 0 0 0 0 0 0 0 0 0 0 0 0 0 0 0 0 0 0 0 0 0 0 0 0 0 0 0 0 0 0 0 0 0 0 0 0 0 0 0 20112 262699 134041 343 331055 0 150928 492467 533638 339813 20297 105107 49220 0 136346 441497 497721 412871 264745 10980 0 0 0 0 0 0 0 26273 156460 267725 52564 394056 307677 327826 193284 278165 0 0 0 0 0 0 0 7756 2812 333757 234350 322660 226845 135172 150458
231762 187739 256801 151327 0 0 0 0 0 0 0 0 0 0 0 0 0 0 0 0 0 0 0 0 0 14 261304 115544 0 0 86270 323818 564555 189228 0 0 0 0 0 0 0 0 0 0 0 250680 296133 307514 273501 114211 0 52312 390264 158168 141218 73513 95 382031 367964 166426 324807 40045 435641 260906 312000 76625 0 22005 200980 0 0 0 209130 302449 322146 227913 455155 419162 187725 376314 151887 0 0 0 0 0 0 0 304808 330166 114872 0 0 0 0 0
252780 405281 13780 0 0 0 0 0 0 0 0 0 0 0 0 0 0 0 0 0 0 0 0 90975 261826 360442 422494 167479 0 0 397568 413498 91936 319769 0 0 0 0 0 0 0 0 0 0 0 153938 256971 499987 48783 37134 234087 334219 303883 146958 216983 12589 0 181566 160868 379435 269073 65552 497482 349586 177472 0 0 23551 564452 432819 352854 374358 43354 368426 84105 233227 255462 316486 1166 0 0 0 0 0 0 0 0 0 25995 560142 53889 0 0 0 0 8426
0 349985 1438 0 0 0 0 0 0 0 0 0 0 0 0 0 0 0 0 0 0 0 0 83750 318427 469228 266708 0 0 0 66958 466362 149177 274911 0 0 0 0 0 0 0 0 0 0 2131 478117 181464 339927 34949 525308 277966 70445 281363 385403 471392 471436 0 12807 331329 331846 184799 200172 39895 259798 107608 0 0 0 410713 433312 178788 247871 403147 259725 307807 152773 217053 406644 215636 0 0 0 0 0 0 0 0 183238 487697 444123 2061 0 0 95216 368198 420187
0 145640 380071 0 0 0 0 0 0 0 0 0 0 0 0 0 0 0 0 0 0 0 0 0 0 336983 246495 0 0 0 0 265374 274573 0 0 0 0 0 0 0 0 0 0 0 0 27232 0 37329 367686 98668 0 186117 438431 242410 437178 204715 21511 420399 286245 0 175653 232846 0 311178 387840 118505 128801 87692 246304 287695 272014 383145 68949 336799 610542 172837 0 41677 47464 0 0 0 0 0 0 0 122498 431771 124683 30907 111668 268819 298092 280583 39049 258
0 43247 308824 222281 0 0 0 0 0 0 0 0 0 0 0 0 0 0 0 0 0 0 0 0 0 0 0 0 0 2272 27192 316517 459907 147347 0 0 0 0 0 0 0 0 0 0 0 0 278982 316191 30230 110316 127234 214313 289020 112871 235069 338290 442175 442874 412408 101191 0 0 0 232905 274073 446375 472653 420774 280206 418726 330709 276444 37767 5111 490617 451369 142006 0 0 0 0 0 186187 195318 67 0 0 35064 244177 342112 252730 129531 268600 576783 34475 139307
337184 294979 1041 0 0 0 0 0 0 0 0 0 0 0 0 0 0 0 0 0 0 0 0 0 0 0 9885 86705 64817 328523 287543 328725 11245 160996 114493 0 0 0 0 0 0 0 0 0 0 0 268058 45603 384024 488514 285880 497608 285368 88180 295220 178786 474151 407905 2935 66490 59280 0 120687 49048 177845 324153 381004 155672 121204 84771 182718 540358 45336 48059 344523 134103 7487 0 0 0 0 249839 95791 325110 1897 0 0 377164 410886 371755 219564 263183 0 10911 90904 257176
86665 83407 0 0 0 0 0 0 0 0 0 0 0 0 0 0 0 0 0 0 0 0 0 66791 11092 76569 305535 297252 249876 0 86711 71727 306307 352453 276479 16836 0 0 0 0 0 0 0 0 0 90066 320147 447868 305708 322989 1575 51269 232591 229449 10069 500208 465316 552510 288568 241719 368438 26599 150980 197046 413420 480992 198750 154715 68389 110792 585020 423714 76493 458090 151079 0 0 0 0 11850 412554 396737 521468 383648 26122 0 3829 357520 229986 359668 143316 366086 403388 440645 431087 129888
0 0 0 0 0 0 0 0 0 0 0 0 0 0 0 0 0 0 0 0 0 0 80355 326969 236723 234571 84109 121459 191627 0 0 26715 181406 224354 186372 29786 0 0 0 0 0 0 0 0 113550 203176 0 25610 28388 341119 116324 1421 226079 0 65026 257460 478932 413565 224697 91472 242890 94643 192964 291270 435353 436609 411900 217623 157374 80093 391 571010 365760 146080 0 0 0 0 0 17111 591966 495993 384253 410133 54348 0 0 210371 355582 298619 505398 305622 253139 147528 363626 443869
0 0 0 0 0 0 0 0 0 0 0 0 0 0 0 0 0 0 0 0 0 2567 249831 0 0 0 0 0 0 0 0 0 0 0 308540 43741 0 0 0 0 0 0 0 0 239311 230160 0 0 45688 306757 135831 0 92428 0 0 28044 223470 409302 98866 396069 370260 383819 255266 206947 457475 529123 411240 55294 234276 268875 79298 254835 0 0 0 0 0 0 0 0 32515 374998 327901 132633 7063 86020 42347 0 335818 422443 191404 29928 206657 276802 205714 214745
0 0 0 0 0 0 0 0 0 0 0 0 0 0 0 0 0 0 0 38636 33417 230775 29806 0 0 0 0 0 0 0 0 0 0 0 253047 0 0 0 0 0 0 0 1232 191581 217490 213050 0 1728 273432 107587 368765 234977 145849 121539 73223 0 42493 539502 307577 60842 176473 441606 160574 502849 451800 633825 457284 193015 2759 136238 427980 178705 0 0 0 0 0 0 0 0 288556 528234 134464 0 0 283443 526589 258442 228757 62078 0 312181 48236 406552 177817 260799
0 0 0 0 0 0 0 0 0 0 0 0 0 0 0 0 0 0 101475 225842 196915 150747 0 0 0 0 0 0 0 0 0 0 0 31096 339423 94824 0 0 0 0 0 269213 365513 389107 109198 357004 277862 309341 400881 421152 218433 66950 144619 0 76774 130581 34503 332029 273452 250297 364490 197456 444512 158256 462280 622639 491482 72088 10459 558898 248831 120127 0 0 0 0 0 0 0 0 124174 47526 2225 0 0 0 152159 196320 446479 409554 125945 395184 20573 277930 192367 330335
0 0 0 0 0 0 0 0 0 0 0 0 0 0 0 0 0 0 150169 247638 0 0 0 0 29904 374245 502847 457125 57172 0 0 110825 282084 393128 13963 38 59041 42305 0 165657 262730 350363 596852 371021 203980 106220 192781 157831 130539 0 129175 44207 417490 32483 0 25153 148859 13462 66976 223204 169496 0 94097 374526 125753 7410 338376 395931 14325 398933 500251 363005 0 0 0 0 0 0 0 0 0 287719 228444 32734 0 1001 321426 505537 517844 165917 0 144160 276597 309995 0 79368
0 0 0 0 0 0 0 0 0 0 0 0 0 0 0 0 0 0 66921 182349 0 0 0 0 20451 187956 313658 402487 0 23945 485692 479412 435365 159808 0 0 288964 183367 183545 272804 0 0 141388 230823 100137 0 85143 408962 133387 0 16500 88725 253146 15094 105333 265755 168671 123437 207580 0 0 8673 431457 0 0 0 114202 382534 0 9029 0 56475 0 0 0 0 0 0 0 0 0 308528 391273 439318 227965 3209 287596 32697 60822 0 0 188832 417812 168941 0 0
0 0 0 0 0 0 0 0 0 0 0 0 0 0 0 0 0 143989 481042 2164 0 9316 108023 89 0 0 9364 5305 0 5933 285582 455371 255591 11572 0 234304 125661 10111 405892 37803 142810 223667 72954 0 0 0 62011 121589 21 0 0 119002 352353 391595 380584 173545 333693 315065 26690 104675 0 0 299676 15737 0 50192 10960 0 0 0 0 0 0 0 0 0 0 0 0 0 74 212514 311420 210979 450004 741 0 0 0 0 0 36165 187940 84344 0 31540
154582 33523 0 0 0 0 0 0 0 0 0 0 0 0 0 0 0 263661 180610 33216 463905 215031 692 0 0 0 0 0 0 0 304461 258685 201124 40090 275042 166066 1246 90261 116176 124246 60123 0 0 0 0 0 0 0 0 64836 124474 57335 108860 384210 239721 241050 240774 269906 81696 152099 11858 23704 189097 343270 0 248624 371405 0 0 0 0 0 0 0 0 0 0 0 0 0 2850 505098 357951 388791 430864 316826 332495 46289 0 0 0 0 0 0 0 321121
125721 313169 182838 133832 0 0 0 0 0 0 0 0 20270 17846 0 0 0 384124 0 0 255643 36015 0 0 0 0 0 0 0 0 0 1448 260437 386178 416811 12961 0 88100 153347 0 0 0 0 0 0 144349 127758 48191 75710 2544 41 78107 426403 496681 210591 270314 385273 284036 104319 396041 175970 141697 240203 114959 0 1528 22112 0 0 0 0 0 0 0 0 0 0 0 0 0 0 311268 122418 474773 429155 285427 347007 117792 0 0 176811 0 0 0 24243 455419
151157 340148 104893 144533 175241 0 0 0 0 0 130940 224077 195514 261336 0 0 0 253982 80237 95711 84892 81916 0 0 0 0 0 0 0 0 65618 395737 184650 516220 100611 0 0 147210 59078 0 0 0 0 0 0 0 45201 197339 0 0 64292 82746 440600 339802 0 358664 407520 370993 223869 461620 394866 37709 254649 48734 0 10223 166070 187476 0 0 0 0 0 0 0 0 0 0 0 0 0 368693 479663 405231 112626 240407 191421 86592 14896 48273 162972 201073 0 0 286355 301325
345980 506333 133081 207570 232714 0 0 0 0 0 242485 79192 145833 88072 191440 212925 33786 292765 0 0 0 0 0 0 0 0 0 0 0 0 22388 349746 277589 151307 4013 0 133653 58380 0 0 0 0 0 0 0 0 0 68005 116827 119698 488191 256073 116440 334239 0 110455 243292 336450 179442 88774 423442 42857 248460 358648 0 282305 319004 15062 0 0 0 0 0 0 0 0 0 0 0 0 0 181981 90673 89964 174408 90645 0 73219 230355 330001 242305 140458 0 0 254414 408773
75928 331596 250324 72008 0 0 0 0 0 0 0 181381 298606 110286 347479 362952 436835 24450 0 0 0 0 0 0 0 74721 27549 0 0 0 34266 351833 339279 29501 0 0 241248 52534 357453 396471 0 0 0 0 0 0 0 0 94204 177809 430122 449543 283382 433014 6360 100854 340330 91518 262479 410884 94516 147878 283854 375144 62450 258515 8564 0 0 0 0 0 0 0 0 0 0 0 0 0 0 0 0 57780 495228 406222 0 0 0 0 0 0 0 62330 343626 279885
0 8690 10830 0 0 0 0 0 0 0 0 0 63573 290190 411876 2022 941 0 0 0 0 0 0 0 0 405658 289609 248417 2582 0 119 427322 395052 567388 31214 69731 55950 153324 285199 0 0 0 0 0 0 0 0 63420 12435 421710 75509 381173 363181 491394 16465 320224 360728 256928 540994 182410 166173 303407 157314 362676 0 0 0 0 0 0 0 0 0 0 0 0 0 0 0 0 6900 170303 47760 0 82660 39062 0 0 0 0 0 0 77354 368567 219458 0
0 0 0 0 0 0 0 0 0 0 0 84303 329886 81 0 0 0 0 0 0 1819 0 17045 128620 101166 71966 217695 391814 66916 0 0 13987 127925 176600 142255 62437 252409 226730 109854 29303 0 0 0 3116 5998 0 0 97809 0 117172 110108 202451 125337 9108 176223 575432 462183 333659 185605 101406 366125 0 0 0 0 0 0 0 0 0 0 0 0 0 0 0 0 0 0 0 282647 148966 221121 0 0 0 0 0 0 0 0 132008 244126 250326 0 119475
0 0 0 0 0 0 0 0 0 0 0 304293 148514 0 0 0 0 0 0 0 134575 232429 99349 1 0 81863 117985 0 0 0 0 42588 94947 163633 379885 70533 355648 282921 252453 50383 102127 99471 59536 304391 355103 111335 49067 155508 118771 89860 351798 270107 295986 0 8510 282669 198899 156295 0 0 287800 0 0 0 0 0 0 0 0 0 0 0 0 0 0 0 0 0 0 0 74583 255456 54506 0 0 0 0 0 0 0 0 325233 387074 383401 219188 320547
0 0 0 0 0 0 0 0 0 0 0 177494 323019 0 0 0 0 0 0 0 0 0 0 0 118450 170523 254823 0 35737 447025 0 173 186186 242315 148418 336987 101313 0 0 0 0 0 182232 250869 237748 37956 64740 0 0 84285 510420 478746 378778 0 0 301148 33576 0 307804 430183 327597 0 0 0 0 0 0 0 0 0 0 0 0 0 0 0 0 0 167364 17968 48869 299835 112393 202777 0 0 0 0 0 0 0 300881 214445 88493 14895 247736
