variables_fires/int_cf_200.asc
ncols         1032
nrows         867
xllcorner     -13000
yllcorner     3990000
cellsize      1000
NODATA_value  -9999
[rows 520 to 571 of 867, columns 672 to 767 of 1032]
161890 0 0 0 0 0 307804 263839 0 0 0 0 69698 13607 157334 463980 53234 0 0 0 0 0 0 0 0 0 0 0 0 0 0 0 0 2299 299046 254609 122152 0 0 0 0 0 0 0 0 0 0 0 200246 83701 0 27873 82819 0 0 0 0 0 0 0 49003 133882 0 0 142162 0 32120 264097 181192 267840 348932 108907 0 0 0 0 0 0 0 0 0 0 0 0 0 0 0 0 0 0 0 0 0 0 0 0
145735 0 0 0 0 33710 197474 106722 140837 0 0 0 0 0 0 12708 0 0 0 0 0 0 0 0 0 0 0 0 0 0 0 0 0 328461 72010 235829 865 0 0 0 0 0 0 0 0 0 0 0 247699 116354 0 88292 490215 0 0 0 0 0 0 50990 164376 162943 0 0 85787 360422 306217 487952 446081 47759 321432 236570 296803 65855 9472 0 0 0 0 0 0 0 0 0 0 0 0 0 0 0 0 0 0 0 0 0
76321 0 0 0 0 215853 34511 0 217107 0 0 0 0 0 0 0 0 0 0 0 0 0 0 0 0 0 0 0 0 0 0 0 31794 322638 230690 212476 0 0 0 139 0 0 0 0 0 0 0 0 148425 155376 0 0 143993 0 0 0 0 30932 186936 116335 0 812 0 142828 72979 261929 396608 375887 438911 288972 167180 326848 345813 553444 575609 80548 0 0 0 0 0 0 0 0 0 0 0 0 0 0 0 0 0 0 0 0
272039 400207 45877 108307 314297 210692 0 9752 235036 0 97944 374133 1677 0 0 0 0 0 0 0 0 0 0 0 0 0 0 0 0 0 0 0 361667 368046 69765 0 0 892 209526 306311 168304 0 0 0 215290 92045 0 0 0 233254 222447 334169 259486 0 0 0 11663 206047 59541 0 0 0 72451 650213 502818 423645 602988 494452 452686 390434 231027 247165 201700 363324 446173 502364 130904 0 0 0 0 0 0 0 0 0 0 0 0 0 0 0 0 0 0 0
184795 196735 181361 192914 197406 0 321611 430933 116721 9767 100012 218954 7904 0 0 0 0 0 0 0 0 0 0 0 0 0 0 0 0 0 0 0 0 0 0 0 0 1951 384223 5817 381190 79231 0 0 253931 251357 285 0 0 238542 272511 8948 291777 0 0 0 34303 202246 0 0 0 0 46954 394926 92 161500 331402 313910 228374 331238 324800 0 0 544 433218 500101 449050 129414 0 0 0 0 0 0 0 0 0 0 0 0 0 0 0 0 0 0
122981 215479 239826 246193 144196 300608 274606 34258 94828 284371 2773 34584 236277 0 0 0 0 0 0 0 0 0 0 0 0 0 0 0 0 0 0 0 0 0 0 0 0 0 226722 101330 371212 356833 233358 0 149057 291128 260519 4651 0 287491 258619 83707 318886 269244 57464 73681 72062 0 0 0 0 0 0 402247 18411 0 130394 382195 85542 5202 345111 85813 0 0 81098 406224 319362 206770 26204 0 0 0 0 0 0 0 0 0 0 0 0 0 0 0 0 0
256901 38417 344 0 0 60371 217605 109113 286856 96 0 0 274344 0 0 0 0 0 0 0 0 0 0 0 0 0 0 0 0 0 0 0 0 0 0 0 0 0 0 246291 512 0 50676 265958 10422 283315 36048 280956 115530 243998 464 175804 266098 337220 304645 69211 0 0 0 0 0 47406 203937 261031 87059 0 0 21427 423953 370842 116158 314541 382909 64519 0 174513 231704 360492 514440 92290 0 0 0 0 0 0 0 0 0 0 0 0 0 0 0 0
244641 292062 29119 0 0 80578 445288 285356 238993 0 0 0 181012 95123 0 0 0 0 0 0 0 0 0 0 0 0 0 0 0 0 0 0 0 0 0 0 0 0 0 369059 6759 0 0 13307 268522 81955 268050 15596 335982 295075 0 36730 155433 253454 150586 0 0 0 0 0 0 567238 598352 35800 515591 193 0 0 220587 515493 262552 0 481734 548145 310898 14086 0 250889 374839 36726 0 0 0 0 0 0 0 0 0 0 0 0 0 0 0 0
63103 218000 27774 0 0 0 150725 325271 415889 219778 142954 0 88554 276180 0 0 0 0 0 0 0 0 0 0 0 0 0 0 0 0 0 0 0 0 0 0 0 0 183221 252506 0 0 58315 359026 203813 261945 275173 11264 13732 101937 141990 44330 20484 97066 84574 0 0 0 0 0 0 22141 552816 7431 114038 318728 0 0 0 102663 226846 215946 402808 595670 336074 284131 254012 74479 0 0 0 0 0 0 0 0 0 0 0 0 0 0 0 0 0 0
95620 272421 106275 255195 187901 415569 420574 85173 400361 241565 20885 0 177694 197134 0 0 0 0 0 0 0 0 0 0 0 0 0 0 0 0 0 0 0 0 0 0 0 0 411752 32451 0 0 0 201179 352426 498048 93227 332108 67369 100928 28218 91201 0 0 0 0 0 0 0 0 0 0 0 0 243572 401432 0 0 0 31574 383763 458108 493959 61546 8993 0 0 110021 276981 327989 235546 0 0 0 0 0 0 0 0 0 0 0 0 0 0 0
188008 244097 131495 97971 225632 352981 283756 0 1042 0 0 0 313593 238254 0 0 0 0 0 0 0 0 0 0 0 0 0 0 0 0 0 0 0 0 0 0 0 0 159171 462569 267415 119449 0 379191 235007 313998 2346 240195 112552 15908 4786 73257 0 0 0 0 15183 3031 0 0 0 0 0 95187 213217 126945 0 0 0 460233 401561 184805 386695 0 0 0 291407 268941 94571 0 217335 0 0 0 0 0 0 0 0 0 0 0 0 0 0 0
239862 143023 237474 189840 0 136426 241324 0 0 0 0 0 65637 213194 0 0 0 0 0 0 0 0 0 0 0 0 0 0 0 0 0 0 0 0 131915 254075 203148 0 90853 138346 0 260682 2048 241437 162556 397741 23633 1449 289871 113991 89674 1652 16683 220058 46438 1535 315027 288718 215638 0 0 0 161143 419005 390639 474675 165227 0 0 0 59080 390821 248257 232630 0 148837 514518 699 0 0 314614 0 0 83822 8035 0 0 0 0 0 0 0 0 0 0 0
110421 86395 0 0 0 0 216219 0 0 0 0 45330 404444 396 0 0 0 0 0 0 0 0 0 0 0 0 0 0 0 0 0 0 122646 381697 175797 0 220572 0 0 0 0 333392 161668 97397 483031 326872 1370 0 435396 230025 151240 54678 306083 325330 254434 360811 177561 300090 274422 344465 0 0 376665 146501 2915 166709 42027 3279 189844 242310 0 0 0 190628 259378 204980 43463 0 89913 286396 327362 0 32102 238688 112641 0 0 0 0 0 0 0 0 0 0 0
222623 0 0 0 0 0 192980 254684 0 0 0 57474 323797 0 0 0 0 0 0 0 0 0 0 0 0 0 0 0 0 0 0 0 231842 160038 74 0 326149 125783 0 0 0 0 267360 0 100300 509376 0 153742 272995 215811 290838 552187 218279 194920 212793 278778 239907 152105 171256 330194 503799 315174 539999 237003 299700 370855 501676 374890 333379 398321 0 0 0 192469 318659 2292 0 0 102386 561172 461109 252774 16393 451170 265360 0 0 0 0 0 0 0 0 0 0 0
282731 255087 0 0 0 0 0 230402 332466 0 0 302595 49782 0 0 0 0 0 0 0 0 0 0 0 0 0 0 0 0 0 0 0 36552 241770 224246 129969 45027 191811 0 0 0 0 252254 96844 0 230975 0 22547 323011 436396 473144 196391 0 0 69844 4864 0 294232 19560 14998 278602 236219 300475 6442 0 141 28462 117127 370385 286244 418202 385752 325273 176700 237347 49382 0 0 168274 321156 483958 28055 0 88444 251870 0 0 0 0 0 0 0 0 0 0 0
364421 108862 0 0 0 0 0 18817 226060 0 76493 205243 0 0 0 0 0 0 0 0 0 0 0 0 0 0 0 0 0 0 0 0 0 35 144168 230339 375458 20851 0 0 0 0 0 218689 0 329604 298869 271387 197175 598154 14474 0 0 0 0 41925 121159 179506 38686 0 0 186361 460288 35689 0 382998 537839 267320 445458 303973 483611 173506 287619 227992 272428 234162 222939 158042 0 0 311305 217814 297500 287291 134 0 0 0 0 0 0 0 0 0 0 0
213056 0 0 0 0 0 0 235787 93805 24601 247069 0 0 0 0 0 0 0 0 0 0 0 0 0 0 0 0 0 0 0 0 0 0 0 0 0 0 0 0 0 172978 62270 84085 288968 0 0 225 306896 455392 158419 0 0 0 0 36456 80605 0 103635 494525 0 0 0 92932 183829 333944 540437 393076 314976 77558 196897 58120 244299 20931 0 19263 231277 215851 183538 0 129264 299887 594988 103084 141218 250359 0 0 0 0 0 0 0 0 0 0 0
150053 383252 511851 0 0 214870 343562 351725 0 245600 272316 245552 65605 43539 0 0 0 0 0 0 0 0 0 0 0 12983 227068 0 0 0 0 0 0 0 0 0 59756 617 143297 224990 360443 155537 140421 44955 100273 123929 287614 371894 276025 3723 0 0 0 81353 75895 0 0 124414 221037 52022 0 53343 289088 250644 204394 15064 0 0 0 0 0 256246 145576 0 0 0 0 0 0 334963 207133 418785 309139 105067 346571 0 0 0 0 0 0 0 0 0 0 0
630911 572042 476363 0 53921 635488 397798 259176 42970 656673 457441 313643 571883 562517 465900 83660 0 0 0 357272 374819 197703 0 0 0 6399 323220 23956 0 0 0 0 0 0 0 104156 387771 225844 72733 1806 261404 0 12552 266239 145661 295228 165124 0 255055 80494 0 0 34919 94975 0 113871 301653 184603 338192 144666 96184 280715 186747 545508 97848 89943 117293 0 0 0 174879 221850 337716 107218 0 0 0 295448 292106 282154 243445 303101 169534 419476 490461 0 0 0 0 0 0 0 0 0 0 0
115748 411621 484915 280936 516378 362484 393887 195289 126718 502931 435595 453005 281189 491105 0 0 0 0 0 179672 353029 2537 0 0 0 0 254490 182107 0 0 0 0 0 0 0 16734 45450 0 0 251875 31766 3230 281161 11329 0 0 0 0 324885 0 0 89689 131409 89183 286180 431651 118610 3227 472848 316599 152090 185724 399895 241456 240671 352931 108068 0 153863 286430 242593 41253 641745 334500 0 0 86576 192249 37725 0 167751 189098 316613 223503 172158 0 0 0 0 0 0 0 0 0 0 0
0 15939 496630 554593 528724 111898 142444 0 10240 262326 434911 438207 235333 19786 119327 624666 200560 233933 0 162082 498477 680469 352122 0 0 0 174720 20446 0 0 0 0 0 0 0 0 0 0 11153 251276 0 230567 33255 0 0 0 129942 248365 99106 0 0 152939 347160 518267 470251 41512 15235 150707 289413 30754 273496 314874 408061 56944 175931 87104 0 199670 392988 312463 64034 505014 483744 213537 0 0 64326 347519 85187 12065 0 303664 125911 386099 36878 0 0 0 0 0 0 0 0 0 0 0
0 0 226895 474644 250164 467060 1820 0 21287 333180 161920 0 0 281371 297958 616749 696885 597196 419182 245223 333479 230984 140195 0 0 0 0 0 0 0 0 0 0 0 0 0 0 0 66410 175974 75021 188553 0 0 70257 237762 133469 0 0 0 87365 121328 393508 550787 239401 282431 249210 88033 133579 281827 474345 367599 9358 102933 413549 220090 229759 261576 417965 298767 540818 294602 587707 353946 0 0 0 324852 537829 14876 0 382825 219764 428636 5431 0 0 0 0 0 0 0 0 0 0 0
296502 265125 146029 368180 229308 216432 0 0 21184 276217 64252 0 0 52801 373573 663162 725207 502165 379609 11339 0 0 0 0 0 66737 14948 0 0 0 0 0 0 0 0 0 0 0 191685 131098 238682 0 0 150000 244673 0 0 0 0 74308 53118 0 8386 523888 253432 59723 0 128506 302307 416972 223295 257791 0 0 49609 0 0 0 28687 82513 79452 36357 285376 455613 24664 0 0 7127 357706 528610 42641 226646 528401 196022 106941 0 0 0 0 0 0 0 0 0 0 0
379027 93381 0 53058 237676 0 0 0 3543 325939 61524 0 0 0 0 27409 622641 635975 635101 122568 0 0 0 0 533115 688303 465299 0 0 0 0 0 0 0 0 0 0 7175 367394 216502 0 0 181981 216404 0 0 1180 125571 158313 97412 0 60160 243790 172199 0 7121 297683 110975 0 226203 400158 57643 0 0 0 0 0 0 0 0 0 124354 480312 550085 595140 30969 44567 159309 284719 89008 383749 145087 437726 115531 179489 0 355 20381 0 0 0 0 0 0 0 0
529 283794 7995 662764 108826 0 0 0 0 344155 0 39888 153907 0 59274 726282 736309 607589 670300 525480 0 0 75582 418289 549250 374515 412579 0 0 0 0 0 0 0 0 0 0 0 76468 0 0 99172 191096 0 0 0 243955 155470 282205 378664 88889 259457 130883 258516 283642 284860 41075 0 0 121749 89996 0 0 0 0 0 0 0 0 0 0 283859 593470 327075 60123 0 490289 456789 165195 156837 566738 449462 83626 52099 42042 0 101437 343506 124883 0 0 0 0 0 0 0
221849 153525 233390 190003 22924 0 0 0 4530 283487 155489 288428 339437 136146 7461 575376 681035 330591 512996 601534 334921 12759 82688 696950 456081 383135 193717 0 0 0 0 0 0 0 0 0 0 0 0 0 73346 223246 0 0 0 15689 344648 94521 0 390425 166773 327042 166138 20198 10271 0 0 0 0 56441 165092 0 0 0 0 0 0 0 0 0 0 2652 347272 190964 300360 297906 352903 33 62587 26394 360699 258979 0 123707 51676 0 70351 463624 50705 0 177817 0 0 0 0 0
218315 38985 643086 78592 0 0 0 0 0 281581 604056 105325 431969 240884 87660 456361 588756 704508 456536 290683 355598 498770 500353 344789 280389 311688 13087 0 0 0 0 0 0 0 0 0 0 0 0 83301 209779 0 0 1711 236447 250465 23653 0 0 70557 117151 120662 0 0 0 0 0 0 0 0 177214 0 0 0 0 0 0 0 0 0 0 0 0 149553 187254 64142 66081 363886 212677 299498 380624 613723 6362 138189 0 0 181793 123670 44185 173732 23953 18439 59836 11442 0 0
0 307263 250687 0 0 0 0 77606 0 0 225935 472876 289479 364392 92334 564 292722 648847 507968 422145 19762 337739 505708 558903 383945 234898 54670 234823 156231 0 0 0 0 0 0 0 0 0 170869 223376 0 23018 187662 315637 163090 0 0 0 0 205615 281365 609 0 0 0 0 0 0 0 59311 125358 0 0 0 0 0 0 0 0 0 0 0 0 0 217267 264495 179365 39870 349996 146443 279867 304957 318523 70873 0 72135 393250 150976 240870 289458 476642 171845 0 0 0 0
303884 459468 61658 0 0 0 24180 371226 290736 660 47748 203556 331294 228311 196788 74536 356448 651218 481353 176798 688702 656049 541694 621509 545823 37625 411626 283280 208386 0 0 0 0 0 0 109695 204231 276352 93828 48370 101927 119641 103576 159446 0 0 0 0 239704 101830 0 0 0 0 0 0 182178 14560 121766 115926 0 0 0 0 0 0 0 0 0 0 0 0 0 240070 342890 648 0 0 0 0 297696 343264 216214 0 214439 509044 508508 219672 371773 140431 83298 16633 28787 356632 170772 0
274833 4326 0 0 0 0 0 340005 424801 347424 357913 112738 0 247384 473939 410077 362436 146829 0 0 354079 472981 511477 273981 327371 478981 555266 342888 24767 0 0 0 0 0 181179 323873 361764 105137 157004 72339 55498 169343 335751 361411 80759 0 0 154119 171906 0 0 0 0 0 0 0 0 164636 61556 0 0 0 0 0 0 0 0 0 0 0 0 42258 334187 244864 78944 0 0 0 0 836 372975 365726 286034 481094 101825 0 128782 218488 382480 424583 162847 307933 498922 603986 138095 0
607410 106579 0 0 0 0 0 0 343661 49961 348043 429559 25180 6474 320145 516236 0 0 0 0 0 184609 572601 564841 269418 541315 561991 281804 291241 0 0 0 0 6459 251472 0 4028 107509 92431 305622 191965 268257 316891 243392 199811 680 195729 174953 0 0 0 0 0 0 0 0 29097 150127 0 0 0 0 0 0 0 0 0 0 28834 301179 437599 618099 150581 282646 254764 0 0 0 0 0 0 0 0 0 225 357203 560639 220321 369467 276000 291106 151029 289088 30551 0 0
191162 0 0 0 0 0 0 0 6266 237750 4825 59484 333849 227328 0 27067 0 0 0 0 9673 400853 367114 285189 348154 457370 352893 330121 0 0 0 0 163162 258748 19104 108929 360889 262374 204263 8992 357791 303285 337493 329737 323249 295485 354804 210725 164422 124583 263365 82760 0 0 0 0 177885 0 0 0 0 0 0 0 0 0 0 0 53780 508941 242935 25292 0 8262 94276 15 141552 213497 0 0 0 90408 114799 130831 71820 316911 434350 399399 465084 316610 197906 296199 121940 0 0 0
60522 81318 524102 296609 0 0 0 0 0 144460 219537 619760 45945 215593 448330 622608 258400 16945 21398 0 11396 431247 310771 0 0 0 299045 119929 0 0 65761 263414 68222 0 41754 62228 289861 129825 169513 418110 356951 47009 1950 473149 71741 0 57 20659 85925 138785 244777 274 0 0 0 0 0 0 0 0 0 0 0 0 0 0 378194 33905 111220 357892 0 0 132227 268077 345331 33290 305908 110923 0 0 149134 344591 216485 115427 0 0 301245 410989 598726 417266 74837 0 0 0 0 55161
1550 37998 213605 1003 0 0 0 0 0 0 0 208060 251123 0 506201 481785 414709 618875 494898 0 558342 658946 378039 88085 19392 0 181147 137325 0 203339 186804 73241 116442 180125 366825 402777 376681 354505 292996 136796 0 0 0 0 0 0 0 151561 235290 215161 22500 0 0 0 0 0 0 0 0 0 0 0 0 0 0 124794 404053 78484 53790 332091 223251 294502 144679 224575 389297 281292 221517 5 0 0 13770 56133 0 0 0 257485 388119 127056 132 0 0 0 0 0 213130 231131
0 0 0 0 0 0 0 0 0 0 0 0 114319 17738 51062 113996 357472 78742 38 0 356811 581951 574122 656061 482645 113814 0 126569 377465 142001 219223 410170 395523 3577 369495 399783 283013 9022 0 0 0 0 0 0 202 138866 246603 98839 0 0 0 0 0 0 0 0 0 0 0 0 62498 166444 167382 152821 240214 287544 0 380588 483428 206222 13439 22883 219206 425134 106954 506399 213465 360 0 0 0 0 0 49758 263241 112300 412933 453216 330464 165619 142607 60898 9243 1471 225141 0
0 0 0 0 0 0 0 180720 0 0 0 0 24806 197586 0 0 52901 262355 36078 378457 724560 516051 278307 190125 1193 290428 0 22067 130909 368539 459512 39577 190545 87485 563421 468038 84609 0 0 0 0 0 0 0 169538 145338 0 0 0 0 0 0 0 0 0 0 0 0 144561 335376 174634 137445 113940 65001 0 0 6723 336456 55102 0 3033 193169 315502 25806 262813 0 0 0 23990 55110 79599 164032 231787 207131 144472 227430 92790 453323 189675 0 120005 210936 316237 430849 281560 155034
0 0 0 0 41874 0 116811 748699 431165 19878 0 0 0 23741 0 0 0 402726 298801 595575 510589 200644 159354 336645 267479 94930 0 253014 278801 379261 30010 0 243868 216734 104145 0 0 0 0 0 100693 298447 166332 0 379659 87502 2840 0 0 0 0 0 0 0 57459 228013 396005 536086 600591 355275 322837 429532 93792 97557 220093 254109 252879 31857 0 0 162129 244029 44121 106077 355365 0 167130 285370 192736 184642 182414 99233 12559 244059 117134 124915 299747 278637 155056 17763 0 0 0 0 0 246353
67801 344471 489740 406740 529081 298668 218866 569244 538553 259557 4973 7078 5420 129569 370509 540502 142277 9964 0 55947 247065 356511 463835 5345 0 0 0 98878 261752 215939 0 120035 216252 104342 0 0 20889 31234 0 170796 144343 188752 212161 0 21386 195610 430762 283210 25485 0 0 2338 288309 227799 252787 9572 430900 609177 297558 183627 3324 0 283 332871 178724 0 0 14913 35472 0 35935 342305 423163 379017 159471 263649 120451 241570 294139 180743 424532 336127 428880 73284 0 12807 365827 1585 249909 162182 0 0 0 0 28 246754
481062 280640 266852 103501 68443 199547 398038 380462 498522 509799 359200 326789 336196 266703 113935 218687 148857 499331 523713 232008 390787 546051 542346 36571 196 0 0 77234 214732 214719 5690 261033 0 0 0 241125 391002 346909 159427 173482 181417 297030 179474 0 158867 263381 134857 269664 1889 40969 238564 222129 39074 124713 222808 215349 213290 55342 0 0 0 8423 313825 110745 43883 112214 99386 40143 215193 4091 0 210471 386619 217881 185381 105 367069 492387 150999 0 345543 278800 97336 0 0 154878 75971 252248 132241 3 245566 441619 121073 45968 298008 47459
329996 253694 539351 87231 0 0 171473 436574 487594 417331 543360 166141 317294 80186 173967 249917 30482 256919 318261 1189 151922 523014 385778 492754 148909 0 0 255080 0 327565 374359 43432 167650 307943 243043 65281 0 117031 209491 270448 80788 66494 377422 379421 194946 3449 49138 297412 236057 186608 946 0 307409 259250 190167 4647 4644 296355 232656 214028 227698 227963 21485 81558 117179 222504 274346 546447 10407 179178 279172 42773 381096 331958 479888 43983 327122 205962 0 176117 125568 0 0 0 0 158948 258594 128828 0 8927 432275 361280 185842 235815 413923 2576
0 0 0 202521 143285 9575 0 280390 614041 579882 500078 584875 39854 0 0 60139 310793 307610 311931 538489 526328 158623 344309 359859 210 0 517 216328 108115 511520 207123 216639 194559 33635 0 0 0 252975 172878 90042 215115 393174 29312 8107 46754 167132 230059 133 0 0 0 0 168906 255233 4619 0 0 0 256845 221321 236819 181626 64493 164637 217909 183547 466849 122298 8845 331338 99755 198456 216495 22584 473330 409725 451838 318531 0 336137 0 0 0 0 27874 474079 164525 0 0 26381 170301 332945 74769 406348 265354 186959
0 0 0 0 151590 557999 28322 0 210463 440720 573836 395426 321344 245447 0 2567 312218 11636 219329 231618 128670 452176 252403 9160 17720 37365 1793 315664 227012 454970 366396 129505 97517 0 0 0 0 320383 9283 0 0 234229 112068 249350 234507 65066 0 0 0 0 138412 232370 80801 0 0 17538 134384 222544 237871 8677 171759 79078 0 5706 51032 405497 18596 57231 131021 325373 381143 0 0 354019 286830 7103 106866 425667 247240 142818 0 0 0 0 324359 330024 0 913 315188 521397 324283 105264 78981 230459 268614 364546
0 0 0 0 0 223703 99972 175348 319185 37786 345070 74909 172390 427604 131084 55076 161133 302309 172399 478939 413161 128927 378659 56592 115178 90084 0 57613 130108 162767 46242 0 0 0 72331 10998 97676 241406 0 0 0 91089 118409 0 0 0 0 2056 194117 262410 100112 0 0 106095 239977 201713 481353 0 0 14838 167389 143219 0 0 257863 142915 0 0 261430 120054 326654 0 214514 90734 0 0 196076 453760 50776 250128 237026 102541 0 0 311829 477879 237406 272430 51420 250799 275838 356254 401832 379946 215839 67446
0 0 0 0 0 0 422519 91582 236943 199326 316963 394880 202446 158284 542367 512547 316261 0 109146 81646 0 0 380071 412236 122020 18548 0 0 0 0 0 0 0 220623 346146 243816 194696 0 0 0 0 0 0 0 0 0 190911 224241 40700 45467 264066 221011 254412 198949 217929 430681 468748 347908 191986 221639 472416 451873 0 0 325936 186517 259842 430174 227055 76425 392484 265628 69692 0 139525 507676 456108 523265 183902 292842 204291 111399 0 0 23548 384131 282266 328322 263156 239628 224672 241136 138884 232006 25527 29690
0 0 0 0 0 33349 448084 290310 166848 6196 96473 336448 437118 477192 254558 182965 134373 222577 0 0 0 0 0 0 0 0 0 0 0 0 20038 272328 279741 95337 0 0 0 0 0 0 0 0 0 0 149908 170946 211289 0 126382 299275 304830 352465 0 297830 354692 182801 273778 108833 62832 837 267588 246669 381472 26169 410023 59406 215983 545505 470302 185700 106512 31640 175135 235382 254374 50419 113530 72917 253968 70800 0 0 0 0 73241 17436 46362 0 0 0 7529 373764 444468 174156 231131 10686
0 0 0 0 0 0 0 0 52695 247979 308148 228651 42228 63432 268529 190070 375480 340819 0 0 112992 144337 0 0 0 0 0 0 0 19560 365446 91107 0 0 0 0 0 0 0 0 0 0 197345 260544 379389 384965 18411 213396 161158 270475 230608 247029 143128 98146 530294 247870 0 0 34656 3856 128648 264058 159719 182730 194815 119353 49643 148252 138212 256730 47133 273271 74104 0 0 0 0 278407 240092 213205 179870 171606 47910 42154 518388 108716 0 0 0 0 9252 267461 99705 0 171538 238287
0 0 25493 15655 0 7299 79535 0 0 0 0 0 0 0 251083 447688 151895 0 0 0 237852 4304 173613 81921 0 0 0 70640 80242 282568 46603 0 0 0 0 0 0 0 0 0 25054 277690 96618 81 88306 134454 233393 83837 264373 205 311145 240801 160034 0 51411 75805 0 21767 502175 447710 495921 323114 0 0 207930 2808 263424 262537 321170 373543 211604 191 0 0 0 0 71412 214133 214767 229251 198540 379333 399676 276265 93073 340527 9158 40380 0 0 0 0 0 127915 46231 0
0 0 266129 382239 125080 280024 346758 0 0 0 0 0 0 183222 225380 404604 32761 0 0 0 0 0 119885 68379 2528 0 278076 262369 192900 0 0 0 0 0 171906 194916 227288 263054 264090 244001 349498 11159 50820 195 0 240375 0 37909 324928 270684 48400 0 0 0 34601 119828 253315 426699 450554 302430 565521 393824 12869 178216 139350 159331 426145 470058 302844 793 0 25912 0 0 75065 194788 324086 4485 0 0 65712 18201 124756 253377 18993 298210 440127 336153 228594 82462 241173 213043 460487 163104 276787 283640
555 58149 432409 189970 367962 302861 468441 323327 0 0 0 0 144245 500035 1557 0 0 0 0 0 0 0 0 328890 325031 211619 253436 0 0 0 0 17567 229479 313549 102645 184380 56787 45631 0 0 143918 119331 97669 0 0 363212 485275 341415 381791 35152 0 0 0 0 314563 339685 448535 403614 250345 150551 182678 16639 177233 205669 201658 425431 138264 354089 2122 154095 206411 103625 0 112370 265812 42369 0 230813 447565 44152 0 0 0 69015 322407 391178 314380 493929 318712 21757 447840 358291 482518 181069 0 252025
277892 344729 135437 127101 69651 214582 167423 337209 406121 249516 265853 245005 144671 27144 0 0 0 0 0 0 0 104674 258173 599566 243344 201767 342709 265155 0 0 53576 351480 19007 0 0 0 0 0 0 35348 358584 265644 83871 94018 175431 463417 262109 308398 0 0 0 0 0 0 71368 445609 240935 328374 132982 228878 0 47867 73801 813 371047 254217 106596 272029 755 45133 365238 281032 108336 189240 0 119624 362547 412415 226709 246187 174334 0 17872 260082 171330 14017 0 171502 218195 644 343312 414182 132981 0 0 247152
217041 91060 0 0 0 0 0 0 0 0 0 0 22153 13676 0 0 0 0 0 0 0 355143 257250 182665 413588 329062 306500 0 0 122691 275523 0 0 0 0 0 0 0 0 0 246324 141404 159054 241113 168896 370721 282327 75905 0 0 0 46292 232619 286798 252998 5862 8744 275980 438138 185205 0 0 44271 264442 264347 353158 59990 255065 6695 0 57525 217094 197548 142913 0 204551 406014 463472 397663 53172 320767 216346 207734 22043 225073 132665 0 0 0 0 258172 295358 469444 407555 0 270451
0 0 0 0 0 0 0 0 0 0 0 0 301284 22982 0 0 0 0 0 0 0 5307 293768 353020 359438 586641 153495 80614 163207 177208 0 0 0 0 0 0 0 0 0 0 268057 109297 141880 7848 179702 272687 415093 421 0 0 107404 464638 11707 26458 278049 230367 316634 500601 246166 0 0 0 451463 379320 232448 97669 0 0 0 0 0 0 28384 232580 0 0 140556 356450 116363 142070 357180 83252 0 0 194524 308055 66865 0 0 0 173686 288054 197714 299690 470068 274723
